candidate_id,candidate_version,target_response_class,search_campaign_id,parent_or_anchor_id,search_generation_method,active_parameter_schema,active_parameter_count,canonical_parameter_json,parameter_sha256,source_commit,analysis_commit,registry_commit,qualified_domain_sha256,option_status,option_role,direct_PF_validation_status,direct_PF_artifacts_json,fatigue_evaluated,fatigue_validation_status,assigned_response_class,alternate_plausible_class,class_confidence_status,class_score_components_json,class_topology_failure_reasons,PF_response_classification,FEMCZM_response_classification,normalized_provider_onset_difference,provider_topology_agreement,provider_sensitivity_agreement,initial_onset_mean_MPa_sqrt_m,initial_onset_min_MPa_sqrt_m,initial_onset_max_MPa_sqrt_m,maximum_relative_deltaK_reinit,mean_N_reinit,minimum_largest_avalanche_fraction,maximum_tip_radius_um,maximum_backstress_GPa,provider_robustness_status,Tref_K,cleave_G00_eV,cleave_gT_eV_per_K,cleave_sigc0_GPa,cleave_sT_GPa_per_K,cleave_exp_a,cleave_exp_n,cleave_floor_frac,emit_G00_eV,emit_gT_eV_per_K,emit_sigc0_GPa,emit_sT_GPa_per_K,emit_exp_a,emit_exp_n,emit_floor_frac,peierls_H0_eV,peierls_activation_entropy_kB,peierls_exp_a,peierls_exp_n,peierls_nu0_s,taylor_H0_eV,taylor_activation_entropy_kB,taylor_exp_a,taylor_exp_n,taylor_nu0_s,rho_source0_m2,taylor_corr_rho_c_m2,taylor_corr_scale,c_blunt
oneD_v2_dbtt_R_0bf0f25f74411000,oneD_v2_fracture_option_bank_v1,DBTT,oneD_v2_peak_dbtt_R_v1,v913_zeroD_sobol_0202500,SOBOL_LOCAL_MATERIAL,V913_ACTIVE_CANDIDATE_29,29,"{""Tref_K"":481.33,""c_blunt"":6.201127133645389,""cleave_G00_eV"":1.8621480419540128,""cleave_exp_a"":0.3462453651877594,""cleave_exp_n"":2.7531721751359957,""cleave_floor_frac"":0.026239358201278,""cleave_gT_eV_per_K"":0.005281807336448797,""cleave_sT_GPa_per_K"":-0.0004950757857476296,""cleave_sigc0_GPa"":4.390268889202817,""emit_G00_eV"":2.9140133948444773,""emit_exp_a"":0.12430063920082574,""emit_exp_n"":0.3334149406967361,""emit_floor_frac"":0.0103682254353579,""emit_gT_eV_per_K"":0.007623052695724512,""emit_sT_GPa_per_K"":-0.0036939319084976115,""emit_sigc0_GPa"":3.516792744870347,""peierls_H0_eV"":4.340021673774366,""peierls_activation_entropy_kB"":-32.40046945160495,""peierls_exp_a"":1.448395521938801,""peierls_exp_n"":1.871259921230376,""peierls_nu0_s"":1000000000000.0,""rho_source0_m2"":606626781409095.5,""taylor_H0_eV"":0.9061418147580934,""taylor_activation_entropy_kB"":19.615113711406504,""taylor_corr_rho_c_m2"":21447152154655.26,""taylor_corr_scale"":1.2635590097025609,""taylor_exp_a"":0.7048910272121429,""taylor_exp_n"":0.5389550719410181,""taylor_nu0_s"":100000000000.0}",0bf0f25f7441100018490d54263aff449e5df602b49536ed8a446393d0a4baa5,5045feed8c87440676c580fe7f74989be4c4a995,04e21d940c5920f48d0f8dbc722900dfd4f6578b,04e21d940c5920f48d0f8dbc722900dfd4f6578b,119e8906d3c8166ad7b64e741d4cb09fc56f7bf46a98d6164fddc7d65e23270b,CURATED_OPTION|PARETO_NEAR_FRONT,CURATED_OPTION|DIVERSE_PARETO,NOT_RUN,[],False,NOT_EVALUATED,DBTT,NOT_ASSIGNED_BY_THIS_FRACTURE_SCREEN,TARGET_CLASS_CONDITIONAL_NOT_PROBABILISTIC,"{""completion_domain_objective"":0.0,""control_onset_deviation_objective"":1.3908221437651265,""final_avalanche_objective"":0.0,""precursor_topology_objective"":2.0,""process_zone_state_objective"":0.0,""provider_robustness_objective"":1.4299402403720547,""reinitiation_objective"":0.15,""temperature_class_objective"":0.3501791220000385}",NONE_RECORDED,OBSERVED_AVALANCHES_1_TO_1;REINITIATIONS_0_TO_0,OBSERVED_AVALANCHES_3_TO_3;REINITIATIONS_2_TO_2,0.7820386611882961,PROVIDER_SENSITIVE_TOPOLOGY,QUALITATIVE_TREND_AGREEMENT,21.800701620963007,14.349175339316615,28.388169680656215,0.8888083497393483,1.0,0.8823529411764706,1.0004201860743427,0.04365481973663891,SCREENED_TRADEOFF,481.33,1.8621480419540128,0.005281807336448797,4.390268889202817,-0.0004950757857476296,0.3462453651877594,2.7531721751359957,0.026239358201278,2.9140133948444773,0.007623052695724512,3.516792744870347,-0.0036939319084976115,0.12430063920082574,0.3334149406967361,0.0103682254353579,4.340021673774366,-32.40046945160495,1.448395521938801,1.871259921230376,1000000000000.0,0.9061418147580934,19.615113711406504,0.7048910272121429,0.5389550719410181,100000000000.0,606626781409095.5,21447152154655.26,1.2635590097025609,6.201127133645389
oneD_v2_dbtt_R_10e35972a9427ce6,oneD_v2_fracture_option_bank_v1,DBTT,oneD_v2_peak_dbtt_R_v1,v913_zeroD_sobol_0202500,SOBOL_LOCAL_MATERIAL,V913_ACTIVE_CANDIDATE_29,29,"{""Tref_K"":481.33,""c_blunt"":6.386306936333022,""cleave_G00_eV"":1.5857133262971137,""cleave_exp_a"":0.4156076082254036,""cleave_exp_n"":2.5574675519899808,""cleave_floor_frac"":0.026239358201278,""cleave_gT_eV_per_K"":0.00506425738055791,""cleave_sT_GPa_per_K"":-0.0013357088484122512,""cleave_sigc0_GPa"":4.840337768214466,""emit_G00_eV"":1.8471061348692763,""emit_exp_a"":0.1811558461033068,""emit_exp_n"":0.6683579924185394,""emit_floor_frac"":0.0103682254353579,""emit_gT_eV_per_K"":0.0049107911668025105,""emit_sT_GPa_per_K"":-0.007214613861802034,""emit_sigc0_GPa"":4.621860305882224,""peierls_H0_eV"":2.6752628620020436,""peierls_activation_entropy_kB"":-25.75849475214478,""peierls_exp_a"":1.448395521938801,""peierls_exp_n"":1.871259921230376,""peierls_nu0_s"":1000000000000.0,""rho_source0_m2"":1610922866464420.0,""taylor_H0_eV"":2.2282980338174263,""taylor_activation_entropy_kB"":36.79209209411616,""taylor_corr_rho_c_m2"":9369842593473.053,""taylor_corr_scale"":0.9050043114458074,""taylor_exp_a"":0.7048910272121429,""taylor_exp_n"":0.5389550719410181,""taylor_nu0_s"":100000000000.0}",10e35972a9427ce65c6e25b712a4806b18b679b46379847023d435b325bf8d18,5045feed8c87440676c580fe7f74989be4c4a995,04e21d940c5920f48d0f8dbc722900dfd4f6578b,04e21d940c5920f48d0f8dbc722900dfd4f6578b,119e8906d3c8166ad7b64e741d4cb09fc56f7bf46a98d6164fddc7d65e23270b,CURATED_OPTION|PARETO_NEAR_FRONT,CURATED_OPTION|DIVERSE_PARETO|HIGH_BLUNTING,NOT_RUN,[],False,NOT_EVALUATED,DBTT,NOT_ASSIGNED_BY_THIS_FRACTURE_SCREEN,TARGET_CLASS_CONDITIONAL_NOT_PROBABILISTIC,"{""completion_domain_objective"":0.0,""control_onset_deviation_objective"":1.0936785932793085,""final_avalanche_objective"":0.0,""precursor_topology_objective"":2.0,""process_zone_state_objective"":0.0,""provider_robustness_objective"":0.7335578496450114,""reinitiation_objective"":0.3,""temperature_class_objective"":0.0134020602220824}",NONE_RECORDED,OBSERVED_AVALANCHES_1_TO_2;REINITIATIONS_0_TO_1,OBSERVED_AVALANCHES_1_TO_1;REINITIATIONS_0_TO_0,0.4051412994922896,PROVIDER_SENSITIVE_TOPOLOGY,QUALITATIVE_TREND_AGREEMENT,25.869493949614363,13.285453899990031,39.35069680254028,0.8162835629116468,0.08333333333333333,0.95,82.47908069352775,18.943275224985875,SCREENED_TRADEOFF,481.33,1.5857133262971137,0.00506425738055791,4.840337768214466,-0.0013357088484122512,0.4156076082254036,2.5574675519899808,0.026239358201278,1.8471061348692763,0.0049107911668025105,4.621860305882224,-0.007214613861802034,0.1811558461033068,0.6683579924185394,0.0103682254353579,2.6752628620020436,-25.75849475214478,1.448395521938801,1.871259921230376,1000000000000.0,2.2282980338174263,36.79209209411616,0.7048910272121429,0.5389550719410181,100000000000.0,1610922866464420.0,9369842593473.053,0.9050043114458074,6.386306936333022
oneD_v2_dbtt_R_2ce78bb843dcce8c,oneD_v2_fracture_option_bank_v1,DBTT,oneD_v2_peak_dbtt_R_v1,v913_zeroD_sobol_0202500,SOBOL_LOCAL_MATERIAL,V913_ACTIVE_CANDIDATE_29,29,"{""Tref_K"":481.33,""c_blunt"":2.6550489755116335,""cleave_G00_eV"":3.736484156825983,""cleave_exp_a"":0.6687991069154825,""cleave_exp_n"":3.912747614195071,""cleave_floor_frac"":0.026239358201278,""cleave_gT_eV_per_K"":0.008798261908055785,""cleave_sT_GPa_per_K"":-0.0008117062997689153,""cleave_sigc0_GPa"":9.107787189317847,""emit_G00_eV"":4.672743310495533,""emit_exp_a"":0.11574883452200503,""emit_exp_n"":0.3919902383836684,""emit_floor_frac"":0.0103682254353579,""emit_gT_eV_per_K"":0.007913824458770157,""emit_sT_GPa_per_K"":-0.002571057223533138,""emit_sigc0_GPa"":2.344163988304978,""peierls_H0_eV"":4.426481183470895,""peierls_activation_entropy_kB"":-51.17595077425441,""peierls_exp_a"":1.448395521938801,""peierls_exp_n"":1.871259921230376,""peierls_nu0_s"":1000000000000.0,""rho_source0_m2"":387856240477690.2,""taylor_H0_eV"":0.9133841711496007,""taylor_activation_entropy_kB"":21.15747514176448,""taylor_corr_rho_c_m2"":37634392894718.08,""taylor_corr_scale"":2.4879646719773376,""taylor_exp_a"":0.7048910272121429,""taylor_exp_n"":0.5389550719410181,""taylor_nu0_s"":100000000000.0}",2ce78bb843dcce8ce355d78e35ac2215fb99b56437e0e9f08e498d57f00228dd,5045feed8c87440676c580fe7f74989be4c4a995,04e21d940c5920f48d0f8dbc722900dfd4f6578b,04e21d940c5920f48d0f8dbc722900dfd4f6578b,119e8906d3c8166ad7b64e741d4cb09fc56f7bf46a98d6164fddc7d65e23270b,CURATED_OPTION|PARETO_NEAR_FRONT,CURATED_OPTION|DIVERSE_PARETO,NOT_RUN,[],False,NOT_EVALUATED,DBTT,NOT_ASSIGNED_BY_THIS_FRACTURE_SCREEN,TARGET_CLASS_CONDITIONAL_NOT_PROBABILISTIC,"{""completion_domain_objective"":0.0,""control_onset_deviation_objective"":0.7570340586238516,""final_avalanche_objective"":0.0,""precursor_topology_objective"":2.0,""process_zone_state_objective"":0.0,""provider_robustness_objective"":1.1325372880155906,""reinitiation_objective"":0.15,""temperature_class_objective"":0.4543202293271907}",NONE_RECORDED,OBSERVED_AVALANCHES_1_TO_1;REINITIATIONS_0_TO_0,OBSERVED_AVALANCHES_3_TO_3;REINITIATIONS_2_TO_2,0.44047909040377903,PROVIDER_SENSITIVE_TOPOLOGY,QUALITATIVE_TREND_AGREEMENT,34.541855827592634,27.583967754501707,41.736689602148246,0.6394560861769897,1.0,0.8823529411764706,1.0003097078600456,0.057266972378882945,SCREENED_TRADEOFF,481.33,3.736484156825983,0.008798261908055785,9.107787189317847,-0.0008117062997689153,0.6687991069154825,3.912747614195071,0.026239358201278,4.672743310495533,0.007913824458770157,2.344163988304978,-0.002571057223533138,0.11574883452200503,0.3919902383836684,0.0103682254353579,4.426481183470895,-51.17595077425441,1.448395521938801,1.871259921230376,1000000000000.0,0.9133841711496007,21.15747514176448,0.7048910272121429,0.5389550719410181,100000000000.0,387856240477690.2,37634392894718.08,2.4879646719773376,2.6550489755116335
oneD_v2_dbtt_R_3e168d9381eafa7b,oneD_v2_fracture_option_bank_v1,DBTT,oneD_v2_peak_dbtt_R_v1,v913_zeroD_sobol_0202500,SOBOL_LOCAL_MATERIAL,V913_ACTIVE_CANDIDATE_29,29,"{""Tref_K"":481.33,""c_blunt"":4.192391373105451,""cleave_G00_eV"":2.7263226339970634,""cleave_exp_a"":0.3655237378458536,""cleave_exp_n"":2.922516362466403,""cleave_floor_frac"":0.026239358201278,""cleave_gT_eV_per_K"":0.008931572897448769,""cleave_sT_GPa_per_K"":-0.0008912949616189118,""cleave_sigc0_GPa"":8.431917241681298,""emit_G00_eV"":2.6193617539157366,""emit_exp_a"":0.1102059522512416,""emit_exp_n"":0.46138081263420294,""emit_floor_frac"":0.0103682254353579,""emit_gT_eV_per_K"":0.004031207282605458,""emit_sT_GPa_per_K"":-0.007959885828091698,""emit_sigc0_GPa"":1.4467638680364308,""peierls_H0_eV"":4.286924079210238,""peierls_activation_entropy_kB"":-56.187329169711994,""peierls_exp_a"":1.448395521938801,""peierls_exp_n"":1.871259921230376,""peierls_nu0_s"":1000000000000.0,""rho_source0_m2"":1638799274225960.0,""taylor_H0_eV"":2.015847710740593,""taylor_activation_entropy_kB"":23.270689490176842,""taylor_corr_rho_c_m2"":8499168604938.201,""taylor_corr_scale"":1.0957499917164737,""taylor_exp_a"":0.7048910272121429,""taylor_exp_n"":0.5389550719410181,""taylor_nu0_s"":100000000000.0}",3e168d9381eafa7b2c41022459483033f17ec54892536368fc6a8feb98f57e84,5045feed8c87440676c580fe7f74989be4c4a995,04e21d940c5920f48d0f8dbc722900dfd4f6578b,04e21d940c5920f48d0f8dbc722900dfd4f6578b,119e8906d3c8166ad7b64e741d4cb09fc56f7bf46a98d6164fddc7d65e23270b,CURATED_OPTION|PARETO_NEAR_FRONT,CURATED_OPTION|DIVERSE_PARETO|HIGH_BACKSTRESS|HIGH_ONSET|R_ENRICHED,NOT_RUN,[],False,NOT_EVALUATED,DBTT,NOT_ASSIGNED_BY_THIS_FRACTURE_SCREEN,TARGET_CLASS_CONDITIONAL_NOT_PROBABILISTIC,"{""completion_domain_objective"":0.0,""control_onset_deviation_objective"":1.6264144792986903,""final_avalanche_objective"":0.0,""precursor_topology_objective"":0.0,""process_zone_state_objective"":0.0,""provider_robustness_objective"":2.92333349013926,""reinitiation_objective"":0.0,""temperature_class_objective"":0.0}",NONE_RECORDED,OBSERVED_AVALANCHES_1_TO_3;REINITIATIONS_0_TO_2,OBSERVED_AVALANCHES_1_TO_3;REINITIATIONS_0_TO_2,0.27080753393221374,PROVIDER_SENSITIVE_TOPOLOGY,QUALITATIVE_TREND_AGREEMENT,123.82868804496151,29.165737826671833,178.20302216060344,1.8950511809936517,1.4833333333333334,0.8823529411764706,263.97766413139436,42.0035925296656,SCREENED_TRADEOFF,481.33,2.7263226339970634,0.008931572897448769,8.431917241681298,-0.0008912949616189118,0.3655237378458536,2.922516362466403,0.026239358201278,2.6193617539157366,0.004031207282605458,1.4467638680364308,-0.007959885828091698,0.1102059522512416,0.46138081263420294,0.0103682254353579,4.286924079210238,-56.187329169711994,1.448395521938801,1.871259921230376,1000000000000.0,2.015847710740593,23.270689490176842,0.7048910272121429,0.5389550719410181,100000000000.0,1638799274225960.0,8499168604938.201,1.0957499917164737,4.192391373105451
oneD_v2_dbtt_R_41a3f2096b3c4c54,oneD_v2_fracture_option_bank_v1,DBTT,oneD_v2_peak_dbtt_R_v1,v913_zeroD_sobol_0202500,SOBOL_LOCAL_MATERIAL,V913_ACTIVE_CANDIDATE_29,29,"{""Tref_K"":481.33,""c_blunt"":2.774974377285394,""cleave_G00_eV"":4.007504452156887,""cleave_exp_a"":0.6043367277176193,""cleave_exp_n"":1.9095946646132131,""cleave_floor_frac"":0.026239358201278,""cleave_gT_eV_per_K"":0.006942799286286851,""cleave_sT_GPa_per_K"":-0.0016160295711114252,""cleave_sigc0_GPa"":8.360241935601817,""emit_G00_eV"":1.8166606059784953,""emit_exp_a"":0.11448767396823127,""emit_exp_n"":0.40270261362646065,""emit_floor_frac"":0.0103682254353579,""emit_gT_eV_per_K"":0.004204833256592207,""emit_sT_GPa_per_K"":-0.0032880370993267818,""emit_sigc0_GPa"":1.6053189556219989,""peierls_H0_eV"":2.3879454445046577,""peierls_activation_entropy_kB"":-32.81218505381737,""peierls_exp_a"":1.448395521938801,""peierls_exp_n"":1.871259921230376,""peierls_nu0_s"":1000000000000.0,""rho_source0_m2"":833669371892378.8,""taylor_H0_eV"":1.457630727567303,""taylor_activation_entropy_kB"":20.263495782908194,""taylor_corr_rho_c_m2"":11312418841670.295,""taylor_corr_scale"":0.8664327725571279,""taylor_exp_a"":0.7048910272121429,""taylor_exp_n"":0.5389550719410181,""taylor_nu0_s"":100000000000.0}",41a3f2096b3c4c542d57f9e11a9e93839ec2b2fb01474fae92a5dc82c749846a,5045feed8c87440676c580fe7f74989be4c4a995,04e21d940c5920f48d0f8dbc722900dfd4f6578b,04e21d940c5920f48d0f8dbc722900dfd4f6578b,119e8906d3c8166ad7b64e741d4cb09fc56f7bf46a98d6164fddc7d65e23270b,CURATED_OPTION|PARETO_NONDOMINATED,CURATED_OPTION|DIVERSE_PARETO,NOT_RUN,[],False,NOT_EVALUATED,DBTT,NOT_ASSIGNED_BY_THIS_FRACTURE_SCREEN,TARGET_CLASS_CONDITIONAL_NOT_PROBABILISTIC,"{""completion_domain_objective"":0.0,""control_onset_deviation_objective"":1.2197154224672833,""final_avalanche_objective"":0.0,""precursor_topology_objective"":0.0,""process_zone_state_objective"":0.0,""provider_robustness_objective"":1.303848354241245,""reinitiation_objective"":0.0,""temperature_class_objective"":0.0}",NONE_RECORDED,OBSERVED_AVALANCHES_1_TO_3;REINITIATIONS_0_TO_2,OBSERVED_AVALANCHES_1_TO_4;REINITIATIONS_0_TO_3,0.24890913809850862,PROVIDER_SENSITIVE_TOPOLOGY,QUALITATIVE_TREND_AGREEMENT,83.24871877610187,36.60853311634774,132.33919132330314,1.6224277198460544,1.2,0.8695652173913043,237.29782621581927,48.93929687187563,SCREENED_TRADEOFF,481.33,4.007504452156887,0.006942799286286851,8.360241935601817,-0.0016160295711114252,0.6043367277176193,1.9095946646132131,0.026239358201278,1.8166606059784953,0.004204833256592207,1.6053189556219989,-0.0032880370993267818,0.11448767396823127,0.40270261362646065,0.0103682254353579,2.3879454445046577,-32.81218505381737,1.448395521938801,1.871259921230376,1000000000000.0,1.457630727567303,20.263495782908194,0.7048910272121429,0.5389550719410181,100000000000.0,833669371892378.8,11312418841670.295,0.8664327725571279,2.774974377285394
oneD_v2_dbtt_R_43d826d529194456,oneD_v2_fracture_option_bank_v1,DBTT,oneD_v2_peak_dbtt_R_v1,v913_zeroD_sobol_0202500,SOBOL_LOCAL_MATERIAL,V913_ACTIVE_CANDIDATE_29,29,"{""Tref_K"":481.33,""c_blunt"":2.179012988123429,""cleave_G00_eV"":2.0962107234031446,""cleave_exp_a"":0.36871774193655893,""cleave_exp_n"":3.1554225395635447,""cleave_floor_frac"":0.026239358201278,""cleave_gT_eV_per_K"":0.0043467132608723145,""cleave_sT_GPa_per_K"":-0.0018616675928527073,""cleave_sigc0_GPa"":4.945688317203719,""emit_G00_eV"":6.0497561160963285,""emit_exp_a"":0.11824566549178353,""emit_exp_n"":0.3527154620584654,""emit_floor_frac"":0.0103682254353579,""emit_gT_eV_per_K"":0.0037964425100930938,""emit_sT_GPa_per_K"":-0.0033740475855750926,""emit_sigc0_GPa"":4.276443882273792,""peierls_H0_eV"":2.4325394255829367,""peierls_activation_entropy_kB"":-17.047228378026855,""peierls_exp_a"":1.448395521938801,""peierls_exp_n"":1.871259921230376,""peierls_nu0_s"":1000000000000.0,""rho_source0_m2"":785864027105920.9,""taylor_H0_eV"":0.9973765760800004,""taylor_activation_entropy_kB"":26.51321574933997,""taylor_corr_rho_c_m2"":54518825035218.77,""taylor_corr_scale"":2.5812979351887053,""taylor_exp_a"":0.7048910272121429,""taylor_exp_n"":0.5389550719410181,""taylor_nu0_s"":100000000000.0}",43d826d529194456ab1e475a10f1dd3d159398d908651933a74c7f1f630f6cfa,5045feed8c87440676c580fe7f74989be4c4a995,04e21d940c5920f48d0f8dbc722900dfd4f6578b,04e21d940c5920f48d0f8dbc722900dfd4f6578b,119e8906d3c8166ad7b64e741d4cb09fc56f7bf46a98d6164fddc7d65e23270b,CURATED_OPTION|PARETO_NEAR_FRONT,CURATED_OPTION|DIVERSE_PARETO|HIGH_FINAL_AVALANCHE_FRACTION|LOW_BACKSTRESS|LOW_ONSET|LOW_PRECURSOR_COUNT,NOT_RUN,[],False,NOT_EVALUATED,DBTT,NOT_ASSIGNED_BY_THIS_FRACTURE_SCREEN,TARGET_CLASS_CONDITIONAL_NOT_PROBABILISTIC,"{""completion_domain_objective"":0.0,""control_onset_deviation_objective"":1.517928855830455,""final_avalanche_objective"":0.0,""precursor_topology_objective"":2.0,""process_zone_state_objective"":0.0,""provider_robustness_objective"":0.0599583845751885,""reinitiation_objective"":0.3,""temperature_class_objective"":0.7722301694318136}",NONE_RECORDED,OBSERVED_AVALANCHES_1_TO_1;REINITIATIONS_0_TO_0,OBSERVED_AVALANCHES_1_TO_1;REINITIATIONS_0_TO_0,0.7370455544254367,AGREE_ALL_COMMON_TEMPERATURES,QUALITATIVE_TREND_AGREEMENT,20.488360110205942,12.767551451832976,29.915841036482558,0.0,0.0,1.0,1.0000032989720435,0.006525531754923204,SCREENED_TRADEOFF,481.33,2.0962107234031446,0.0043467132608723145,4.945688317203719,-0.0018616675928527073,0.36871774193655893,3.1554225395635447,0.026239358201278,6.0497561160963285,0.0037964425100930938,4.276443882273792,-0.0033740475855750926,0.11824566549178353,0.3527154620584654,0.0103682254353579,2.4325394255829367,-17.047228378026855,1.448395521938801,1.871259921230376,1000000000000.0,0.9973765760800004,26.51321574933997,0.7048910272121429,0.5389550719410181,100000000000.0,785864027105920.9,54518825035218.77,2.5812979351887053,2.179012988123429
oneD_v2_dbtt_R_4cb1972f419ed341,oneD_v2_fracture_option_bank_v1,DBTT,oneD_v2_peak_dbtt_R_v1,v913_zeroD_sobol_0202500,SOBOL_LOCAL_MATERIAL,V913_ACTIVE_CANDIDATE_29,29,"{""Tref_K"":481.33,""c_blunt"":1.3684060799416522,""cleave_G00_eV"":3.17549504290249,""cleave_exp_a"":0.5972395448834148,""cleave_exp_n"":2.7595992821538404,""cleave_floor_frac"":0.026239358201278,""cleave_gT_eV_per_K"":0.005606620973574181,""cleave_sT_GPa_per_K"":-0.0008712512486356433,""cleave_sigc0_GPa"":4.13083068688598,""emit_G00_eV"":3.2759524840095264,""emit_exp_a"":0.2118210241144986,""emit_exp_n"":0.7819502235057875,""emit_floor_frac"":0.0103682254353579,""emit_gT_eV_per_K"":0.0039958406829684505,""emit_sT_GPa_per_K"":-0.006333713777797387,""emit_sigc0_GPa"":2.1324544973382165,""peierls_H0_eV"":5.370608054355001,""peierls_activation_entropy_kB"":-54.87668990685022,""peierls_exp_a"":1.448395521938801,""peierls_exp_n"":1.871259921230376,""peierls_nu0_s"":1000000000000.0,""rho_source0_m2"":737330035245909.9,""taylor_H0_eV"":2.2275065600349606,""taylor_activation_entropy_kB"":16.713830761154817,""taylor_corr_rho_c_m2"":8300524421008.366,""taylor_corr_scale"":2.4190764073519455,""taylor_exp_a"":0.7048910272121429,""taylor_exp_n"":0.5389550719410181,""taylor_nu0_s"":100000000000.0}",4cb1972f419ed341819da4368f375386cf3cdd9296a6041d84ec377940cc1263,5045feed8c87440676c580fe7f74989be4c4a995,04e21d940c5920f48d0f8dbc722900dfd4f6578b,04e21d940c5920f48d0f8dbc722900dfd4f6578b,119e8906d3c8166ad7b64e741d4cb09fc56f7bf46a98d6164fddc7d65e23270b,CURATED_OPTION|PARETO_NONDOMINATED,CURATED_OPTION|DIVERSE_PARETO,NOT_RUN,[],False,NOT_EVALUATED,DBTT,NOT_ASSIGNED_BY_THIS_FRACTURE_SCREEN,TARGET_CLASS_CONDITIONAL_NOT_PROBABILISTIC,"{""completion_domain_objective"":0.0,""control_onset_deviation_objective"":1.415557395407305,""final_avalanche_objective"":0.0,""precursor_topology_objective"":2.0,""process_zone_state_objective"":0.0,""provider_robustness_objective"":0.1345337747525523,""reinitiation_objective"":0.3,""temperature_class_objective"":0.2161465364136356}",NONE_RECORDED,OBSERVED_AVALANCHES_1_TO_1;REINITIATIONS_0_TO_0,OBSERVED_AVALANCHES_1_TO_1;REINITIATIONS_0_TO_0,0.5225815576569394,AGREE_ALL_COMMON_TEMPERATURES,PROVIDER_SENSITIVE_TREND,21.15065382442559,14.12983620283109,26.42419900725834,0.0,0.0,1.0,47.5649918110376,30.937066671961674,SCREENED_TRADEOFF,481.33,3.17549504290249,0.005606620973574181,4.13083068688598,-0.0008712512486356433,0.5972395448834148,2.7595992821538404,0.026239358201278,3.2759524840095264,0.0039958406829684505,2.1324544973382165,-0.006333713777797387,0.2118210241144986,0.7819502235057875,0.0103682254353579,5.370608054355001,-54.87668990685022,1.448395521938801,1.871259921230376,1000000000000.0,2.2275065600349606,16.713830761154817,0.7048910272121429,0.5389550719410181,100000000000.0,737330035245909.9,8300524421008.366,2.4190764073519455,1.3684060799416522
oneD_v2_dbtt_R_5ccfe8189929a0ac,oneD_v2_fracture_option_bank_v1,DBTT,oneD_v2_peak_dbtt_R_v1,v913_zeroD_sobol_0202500,SOBOL_LOCAL_MATERIAL,V913_ACTIVE_CANDIDATE_29,29,"{""Tref_K"":481.33,""c_blunt"":1.895138101991991,""cleave_G00_eV"":4.088341932426187,""cleave_exp_a"":0.4275689728060543,""cleave_exp_n"":2.00299226860506,""cleave_floor_frac"":0.026239358201278,""cleave_gT_eV_per_K"":0.004225807837903963,""cleave_sT_GPa_per_K"":-0.0024629967979293596,""cleave_sigc0_GPa"":10.499114504360671,""emit_G00_eV"":5.1285710478689985,""emit_exp_a"":0.14303559756473175,""emit_exp_n"":0.541164232990487,""emit_floor_frac"":0.0103682254353579,""emit_gT_eV_per_K"":0.0030282263832715115,""emit_sT_GPa_per_K"":-0.00790445084088736,""emit_sigc0_GPa"":5.325327325561108,""peierls_H0_eV"":3.8431147483521118,""peierls_activation_entropy_kB"":-42.501886747463175,""peierls_exp_a"":1.448395521938801,""peierls_exp_n"":1.871259921230376,""peierls_nu0_s"":1000000000000.0,""rho_source0_m2"":986933885930805.8,""taylor_H0_eV"":0.9570791325105166,""taylor_activation_entropy_kB"":45.677140964388904,""taylor_corr_rho_c_m2"":16840870099012.033,""taylor_corr_scale"":2.023450484096941,""taylor_exp_a"":0.7048910272121429,""taylor_exp_n"":0.5389550719410181,""taylor_nu0_s"":100000000000.0}",5ccfe8189929a0ac6b5484e3bc8afd14943ab9d0241e25c7c3c67020c0222bbf,5045feed8c87440676c580fe7f74989be4c4a995,04e21d940c5920f48d0f8dbc722900dfd4f6578b,04e21d940c5920f48d0f8dbc722900dfd4f6578b,119e8906d3c8166ad7b64e741d4cb09fc56f7bf46a98d6164fddc7d65e23270b,CURATED_OPTION|PARETO_NEAR_FRONT,CURATED_OPTION|DIVERSE_PARETO,NOT_RUN,[],False,NOT_EVALUATED,DBTT,NOT_ASSIGNED_BY_THIS_FRACTURE_SCREEN,TARGET_CLASS_CONDITIONAL_NOT_PROBABILISTIC,"{""completion_domain_objective"":0.0,""control_onset_deviation_objective"":1.155883153978441,""final_avalanche_objective"":0.0,""precursor_topology_objective"":2.0,""process_zone_state_objective"":0.0,""provider_robustness_objective"":0.4007900508520052,""reinitiation_objective"":0.3,""temperature_class_objective"":0.8278026510379806}",NONE_RECORDED,OBSERVED_AVALANCHES_1_TO_3;REINITIATIONS_0_TO_2,OBSERVED_AVALANCHES_1_TO_3;REINITIATIONS_0_TO_2,0.2641688804968561,AGREE_ALL_COMMON_TEMPERATURES,QUALITATIVE_TREND_AGREEMENT,71.7579088249809,42.663219916334974,163.9424351845817,1.6352107611563542,0.3333333333333333,0.8823529411764706,123.74800251361708,42.666072726321495,SCREENED_TRADEOFF,481.33,4.088341932426187,0.004225807837903963,10.499114504360671,-0.0024629967979293596,0.4275689728060543,2.00299226860506,0.026239358201278,5.1285710478689985,0.0030282263832715115,5.325327325561108,-0.00790445084088736,0.14303559756473175,0.541164232990487,0.0103682254353579,3.8431147483521118,-42.501886747463175,1.448395521938801,1.871259921230376,1000000000000.0,0.9570791325105166,45.677140964388904,0.7048910272121429,0.5389550719410181,100000000000.0,986933885930805.8,16840870099012.033,2.023450484096941,1.895138101991991
oneD_v2_dbtt_R_7b3b5b45354e64ef,oneD_v2_fracture_option_bank_v1,DBTT,oneD_v2_peak_dbtt_R_v1,v913_zeroD_sobol_0202500,SOBOL_LOCAL_MATERIAL,V913_ACTIVE_CANDIDATE_29,29,"{""Tref_K"":481.33,""c_blunt"":4.990658777708567,""cleave_G00_eV"":1.3817038125259684,""cleave_exp_a"":0.4362762779225825,""cleave_exp_n"":3.1712757917197525,""cleave_floor_frac"":0.026239358201278,""cleave_gT_eV_per_K"":0.0032996505162841546,""cleave_sT_GPa_per_K"":-0.0016432020220902386,""cleave_sigc0_GPa"":9.380819894401702,""emit_G00_eV"":1.9326811818678884,""emit_exp_a"":0.17662074502704495,""emit_exp_n"":0.46784416311415317,""emit_floor_frac"":0.0103682254353579,""emit_gT_eV_per_K"":0.0024749874479581533,""emit_sT_GPa_per_K"":-0.006290109817225442,""emit_sigc0_GPa"":2.0214459107790814,""peierls_H0_eV"":5.52016628271229,""peierls_activation_entropy_kB"":-51.595077361355536,""peierls_exp_a"":1.448395521938801,""peierls_exp_n"":1.871259921230376,""peierls_nu0_s"":1000000000000.0,""rho_source0_m2"":1468908346765729.2,""taylor_H0_eV"":1.1974374758931805,""taylor_activation_entropy_kB"":45.405104880374594,""taylor_corr_rho_c_m2"":35838233825771.1,""taylor_corr_scale"":1.2804294181102447,""taylor_exp_a"":0.7048910272121429,""taylor_exp_n"":0.5389550719410181,""taylor_nu0_s"":100000000000.0}",7b3b5b45354e64efd68fd402352db131e1fda37744ea66f0eea86e0a251b4490,5045feed8c87440676c580fe7f74989be4c4a995,04e21d940c5920f48d0f8dbc722900dfd4f6578b,04e21d940c5920f48d0f8dbc722900dfd4f6578b,119e8906d3c8166ad7b64e741d4cb09fc56f7bf46a98d6164fddc7d65e23270b,CURATED_OPTION|PARETO_NONDOMINATED,CURATED_OPTION|DIVERSE_PARETO,NOT_RUN,[],False,NOT_EVALUATED,DBTT,NOT_ASSIGNED_BY_THIS_FRACTURE_SCREEN,TARGET_CLASS_CONDITIONAL_NOT_PROBABILISTIC,"{""completion_domain_objective"":0.0,""control_onset_deviation_objective"":1.1104220660349775,""final_avalanche_objective"":0.0,""precursor_topology_objective"":0.0,""process_zone_state_objective"":0.0,""provider_robustness_objective"":2.2417929465341775,""reinitiation_objective"":0.0,""temperature_class_objective"":0.7069407192781982}",NONE_RECORDED,OBSERVED_AVALANCHES_1_TO_3;REINITIATIONS_0_TO_2,OBSERVED_AVALANCHES_1_TO_3;REINITIATIONS_0_TO_2,0.1849725520859636,PROVIDER_SENSITIVE_TOPOLOGY,QUALITATIVE_TREND_AGREEMENT,84.66740023877263,25.574069278558735,110.120034817656,1.655513852371781,1.4833333333333334,0.8823529411764706,263.5470050004841,38.46643774664783,SCREENED_TRADEOFF,481.33,1.3817038125259684,0.0032996505162841546,9.380819894401702,-0.0016432020220902386,0.4362762779225825,3.1712757917197525,0.026239358201278,1.9326811818678884,0.0024749874479581533,2.0214459107790814,-0.006290109817225442,0.17662074502704495,0.46784416311415317,0.0103682254353579,5.52016628271229,-51.595077361355536,1.448395521938801,1.871259921230376,1000000000000.0,1.1974374758931805,45.405104880374594,0.7048910272121429,0.5389550719410181,100000000000.0,1468908346765729.2,35838233825771.1,1.2804294181102447,4.990658777708567
oneD_v2_dbtt_R_7c97a4f496b2504a,oneD_v2_fracture_option_bank_v1,DBTT,oneD_v2_peak_dbtt_R_v1,v913_zeroD_sobol_0202500|v913_zeroD_sobol_0116955,ARCHIVED_MORPH_0.50,V913_ACTIVE_CANDIDATE_29,29,"{""Tref_K"":481.33,""c_blunt"":1.318464392315671,""cleave_G00_eV"":2.871729232779594,""cleave_exp_a"":0.46572521607896683,""cleave_exp_n"":1.6506191757866333,""cleave_floor_frac"":0.026239358201278,""cleave_gT_eV_per_K"":0.0068223188628908,""cleave_sT_GPa_per_K"":-0.0014021965432912,""cleave_sigc0_GPa"":5.876239208518867,""emit_G00_eV"":3.6474789237857674,""emit_exp_a"":0.1464687991033353,""emit_exp_n"":0.9195171257571785,""emit_floor_frac"":0.0103682254353579,""emit_gT_eV_per_K"":0.00187627599621195,""emit_sT_GPa_per_K"":-0.0015430024843662998,""emit_sigc0_GPa"":4.878239271447207,""peierls_H0_eV"":3.576632811732757,""peierls_activation_entropy_kB"":-20.185705805197358,""peierls_exp_a"":1.448395521938801,""peierls_exp_n"":1.871259921230376,""peierls_nu0_s"":1000000000000.0,""rho_source0_m2"":6231585698771533.0,""taylor_H0_eV"":1.6811588111437767,""taylor_activation_entropy_kB"":21.46404519677162,""taylor_corr_rho_c_m2"":4282219954775941.0,""taylor_corr_scale"":0.7937263741000115,""taylor_exp_a"":0.7048910272121429,""taylor_exp_n"":0.5389550719410181,""taylor_nu0_s"":100000000000.0}",7c97a4f496b2504acc6d1b4bab18a8ba42e11eddb6eab339e039299df966e918,5045feed8c87440676c580fe7f74989be4c4a995,04e21d940c5920f48d0f8dbc722900dfd4f6578b,04e21d940c5920f48d0f8dbc722900dfd4f6578b,119e8906d3c8166ad7b64e741d4cb09fc56f7bf46a98d6164fddc7d65e23270b,CURATED_OPTION|PARETO_NONDOMINATED,CURATED_OPTION|DIVERSE_PARETO|LOW_BLUNTING,NOT_RUN,[],False,NOT_EVALUATED,DBTT,NOT_ASSIGNED_BY_THIS_FRACTURE_SCREEN,TARGET_CLASS_CONDITIONAL_NOT_PROBABILISTIC,"{""completion_domain_objective"":0.0,""control_onset_deviation_objective"":0.8177383278554291,""final_avalanche_objective"":0.0,""precursor_topology_objective"":2.0,""process_zone_state_objective"":0.0,""provider_robustness_objective"":0.0028289570939166,""reinitiation_objective"":0.3,""temperature_class_objective"":0.587701780108698}",NONE_RECORDED,OBSERVED_AVALANCHES_1_TO_1;REINITIATIONS_0_TO_0,OBSERVED_AVALANCHES_1_TO_1;REINITIATIONS_0_TO_0,0.33202018058338384,AGREE_ALL_COMMON_TEMPERATURES,QUALITATIVE_TREND_AGREEMENT,31.13209358029253,24.9028118160431,38.30987764305246,0.0,0.0,1.0,6.4366619954097795,10.769232243143865,SCREENED_TRADEOFF,481.33,2.871729232779594,0.0068223188628908,5.876239208518867,-0.0014021965432912,0.46572521607896683,1.6506191757866333,0.026239358201278,3.6474789237857674,0.00187627599621195,4.878239271447207,-0.0015430024843662998,0.1464687991033353,0.9195171257571785,0.0103682254353579,3.576632811732757,-20.185705805197358,1.448395521938801,1.871259921230376,1000000000000.0,1.6811588111437767,21.46404519677162,0.7048910272121429,0.5389550719410181,100000000000.0,6231585698771533.0,4282219954775941.0,0.7937263741000115,1.318464392315671
oneD_v2_dbtt_R_9f5160f509e713e2,oneD_v2_fracture_option_bank_v1,DBTT,oneD_v2_peak_dbtt_R_v1,v913_zeroD_sobol_0202500,SOBOL_LOCAL_MATERIAL,V913_ACTIVE_CANDIDATE_29,29,"{""Tref_K"":481.33,""c_blunt"":1.7529365082089903,""cleave_G00_eV"":2.008633966829803,""cleave_exp_a"":0.37281658310123506,""cleave_exp_n"":2.0728245691276466,""cleave_floor_frac"":0.026239358201278,""cleave_gT_eV_per_K"":0.0063754405694973395,""cleave_sT_GPa_per_K"":-0.00046541699849512563,""cleave_sigc0_GPa"":6.871849853835221,""emit_G00_eV"":3.4949424819947663,""emit_exp_a"":0.21882931831669378,""emit_exp_n"":0.5337540849873799,""emit_floor_frac"":0.0103682254353579,""emit_gT_eV_per_K"":0.0035428968016845155,""emit_sT_GPa_per_K"":-0.006247799493564789,""emit_sigc0_GPa"":3.8464952265101164,""peierls_H0_eV"":4.953553982059941,""peierls_activation_entropy_kB"":-37.89774217673219,""peierls_exp_a"":1.448395521938801,""peierls_exp_n"":1.871259921230376,""peierls_nu0_s"":1000000000000.0,""rho_source0_m2"":752297186052096.9,""taylor_H0_eV"":1.5226765814499252,""taylor_activation_entropy_kB"":30.021098451532534,""taylor_corr_rho_c_m2"":39933150707666.805,""taylor_corr_scale"":0.8335919047629173,""taylor_exp_a"":0.7048910272121429,""taylor_exp_n"":0.5389550719410181,""taylor_nu0_s"":100000000000.0}",9f5160f509e713e256ea747e2549d05063d6a269258810b4348dcb4bc7fa9d59,5045feed8c87440676c580fe7f74989be4c4a995,04e21d940c5920f48d0f8dbc722900dfd4f6578b,04e21d940c5920f48d0f8dbc722900dfd4f6578b,119e8906d3c8166ad7b64e741d4cb09fc56f7bf46a98d6164fddc7d65e23270b,CURATED_OPTION|DIRECT_PF_REJECTED|PARETO_NEAR_FRONT|PROVIDER_SENSITIVE_OPTION|R_ENRICHED_OPTION,CURATED_OPTION|DIVERSE_PARETO|HIGH_BACKSTRESS|LOW_T_SHELF|PROVIDER_SENSITIVE|SHIFTED_TRANSITION,FAILED_NO_POSITIVE_RELOAD_SEPARATED_RESISTANCE,"[{""hazard_seed"": 1008666, ""source_steps_file"": ""/private/tmp/oneD-v2-peak-dbtt-R-pf-runs/DBTT_R/T600K_seed1008666/steps_0600K.csv"", ""source_steps_sha256"": ""60b1a867c51cbd45a21031323f3a8ac1ff71980fa928f5abfc98bd14de03adf6"", ""temperature_K"": 600.0}, {""hazard_seed"": 1008666, ""source_steps_file"": ""/private/tmp/oneD-v2-peak-dbtt-R-pf-runs/DBTT_R/T1100K_seed1008666/steps_1100K.csv"", ""source_steps_sha256"": ""d073e7f498cdfedbcf2cb5fe0d34aa715423378ecd167cd67b84900d27a5776c"", ""temperature_K"": 1100.0}, {""hazard_seed"": 1008666, ""source_steps_file"": ""/private/tmp/oneD-v2-peak-dbtt-R-pf-runs/DBTT_R/T1200K_seed1008666/steps_1200K.csv"", ""source_steps_sha256"": ""8150c663e767a80b12deef96b897ec0ccc3d0e51a1ad0761e731b7974339fab3"", ""temperature_K"": 1200.0}]",False,NOT_EVALUATED,DBTT,NOT_ASSIGNED_BY_THIS_FRACTURE_SCREEN,TARGET_CLASS_CONDITIONAL_NOT_PROBABILISTIC,"{""completion_domain_objective"":0.0,""control_onset_deviation_objective"":0.5107195369545358,""final_avalanche_objective"":0.0,""precursor_topology_objective"":1.0,""process_zone_state_objective"":0.0,""provider_robustness_objective"":1.1893673219489755,""reinitiation_objective"":0.15,""temperature_class_objective"":0.0787209901759731}",NONE_RECORDED,OBSERVED_AVALANCHES_1_TO_2;REINITIATIONS_0_TO_1,OBSERVED_AVALANCHES_1_TO_4;REINITIATIONS_0_TO_3,0.3660217727261964,PROVIDER_SENSITIVE_TOPOLOGY,QUALITATIVE_TREND_AGREEMENT,53.89224279817659,21.972826566127697,92.61634288930084,1.3314315418007163,0.7833333333333333,0.8695652173913043,187.2215386977571,54.66245786934214,PROVIDER_SENSITIVE,481.33,2.008633966829803,0.0063754405694973395,6.871849853835221,-0.00046541699849512563,0.37281658310123506,2.0728245691276466,0.026239358201278,3.4949424819947663,0.0035428968016845155,3.8464952265101164,-0.006247799493564789,0.21882931831669378,0.5337540849873799,0.0103682254353579,4.953553982059941,-37.89774217673219,1.448395521938801,1.871259921230376,1000000000000.0,1.5226765814499252,30.021098451532534,0.7048910272121429,0.5389550719410181,100000000000.0,752297186052096.9,39933150707666.805,0.8335919047629173,1.7529365082089903
oneD_v2_dbtt_R_b2538fe6640d6642,oneD_v2_fracture_option_bank_v1,DBTT,oneD_v2_peak_dbtt_R_v1,v913_zeroD_sobol_0202500|v913_zeroD_sobol_0027268,ARCHIVED_MORPH_0.50,V913_ACTIVE_CANDIDATE_29,29,"{""Tref_K"":481.33,""c_blunt"":1.999280030964998,""cleave_G00_eV"":2.8536545826847948,""cleave_exp_a"":0.689066669046313,""cleave_exp_n"":1.9474737112355645,""cleave_floor_frac"":0.026239358201278,""cleave_gT_eV_per_K"":0.0030709062342066,""cleave_sT_GPa_per_K"":0.0028962310180068,""cleave_sigc0_GPa"":6.297721663121188,""emit_G00_eV"":3.3300922315653914,""emit_exp_a"":0.3354394705973593,""emit_exp_n"":0.7540547313243142,""emit_floor_frac"":0.0103682254353579,""emit_gT_eV_per_K"":0.00238136643497275,""emit_sT_GPa_per_K"":-0.00517711427435275,""emit_sigc0_GPa"":4.6007524856563435,""peierls_H0_eV"":4.041300807780551,""peierls_activation_entropy_kB"":-18.988184724003077,""peierls_exp_a"":1.448395521938801,""peierls_exp_n"":1.871259921230376,""peierls_nu0_s"":1000000000000.0,""rho_source0_m2"":941774034579828.9,""taylor_H0_eV"":1.5348910353340095,""taylor_activation_entropy_kB"":27.240315601229668,""taylor_corr_rho_c_m2"":488990881992549.8,""taylor_corr_scale"":1.2147101773938487,""taylor_exp_a"":0.7048910272121429,""taylor_exp_n"":0.5389550719410181,""taylor_nu0_s"":100000000000.0}",b2538fe6640d6642724d3c1a702bcc290976271a81e9baa22e733c65141a8927,5045feed8c87440676c580fe7f74989be4c4a995,04e21d940c5920f48d0f8dbc722900dfd4f6578b,04e21d940c5920f48d0f8dbc722900dfd4f6578b,119e8906d3c8166ad7b64e741d4cb09fc56f7bf46a98d6164fddc7d65e23270b,CURATED_OPTION|PARETO_NONDOMINATED,CURATED_OPTION|DIVERSE_PARETO,NOT_RUN,[],False,NOT_EVALUATED,DBTT,NOT_ASSIGNED_BY_THIS_FRACTURE_SCREEN,TARGET_CLASS_CONDITIONAL_NOT_PROBABILISTIC,"{""completion_domain_objective"":0.0,""control_onset_deviation_objective"":0.2909691139678912,""final_avalanche_objective"":0.0,""precursor_topology_objective"":2.0,""process_zone_state_objective"":0.0,""provider_robustness_objective"":0.4988801993106637,""reinitiation_objective"":0.3,""temperature_class_objective"":0.0}",NONE_RECORDED,OBSERVED_AVALANCHES_1_TO_1;REINITIATIONS_0_TO_0,OBSERVED_AVALANCHES_1_TO_1;REINITIATIONS_0_TO_0,0.2521874312777938,AGREE_ALL_COMMON_TEMPERATURES,QUALITATIVE_TREND_AGREEMENT,40.97324912836988,22.993606936867046,63.63897993922773,0.0,0.0,1.0,50.96757812195255,26.513312260116297,SCREENED_TRADEOFF,481.33,2.8536545826847948,0.0030709062342066,6.297721663121188,0.0028962310180068,0.689066669046313,1.9474737112355645,0.026239358201278,3.3300922315653914,0.00238136643497275,4.6007524856563435,-0.00517711427435275,0.3354394705973593,0.7540547313243142,0.0103682254353579,4.041300807780551,-18.988184724003077,1.448395521938801,1.871259921230376,1000000000000.0,1.5348910353340095,27.240315601229668,0.7048910272121429,0.5389550719410181,100000000000.0,941774034579828.9,488990881992549.8,1.2147101773938487,1.999280030964998
oneD_v2_dbtt_R_c2dabb42101cf812,oneD_v2_fracture_option_bank_v1,DBTT,oneD_v2_peak_dbtt_R_v1,v913_zeroD_sobol_0202500,SOBOL_LOCAL_MATERIAL,V913_ACTIVE_CANDIDATE_29,29,"{""Tref_K"":481.33,""c_blunt"":2.702940995854627,""cleave_G00_eV"":1.623963668731628,""cleave_exp_a"":0.4541669420804756,""cleave_exp_n"":2.740225643591671,""cleave_floor_frac"":0.026239358201278,""cleave_gT_eV_per_K"":0.0025521865665140663,""cleave_sT_GPa_per_K"":-0.0007563298158554835,""cleave_sigc0_GPa"":10.55714183678247,""emit_G00_eV"":3.38114345618304,""emit_exp_a"":0.2432531368142687,""emit_exp_n"":0.43788840657854566,""emit_floor_frac"":0.0103682254353579,""emit_gT_eV_per_K"":0.007087166711836618,""emit_sT_GPa_per_K"":-0.007534375211929468,""emit_sigc0_GPa"":1.6625839864848888,""peierls_H0_eV"":3.206199759724107,""peierls_activation_entropy_kB"":-47.210183920055506,""peierls_exp_a"":1.448395521938801,""peierls_exp_n"":1.871259921230376,""peierls_nu0_s"":1000000000000.0,""rho_source0_m2"":1133884674040099.0,""taylor_H0_eV"":1.31810326251791,""taylor_activation_entropy_kB"":38.65403038066854,""taylor_corr_rho_c_m2"":10573536576701.426,""taylor_corr_scale"":0.6272272368043287,""taylor_exp_a"":0.7048910272121429,""taylor_exp_n"":0.5389550719410181,""taylor_nu0_s"":100000000000.0}",c2dabb42101cf8128031f0f082da14fb74123ba518e9982f23bb277d4b140a5d,5045feed8c87440676c580fe7f74989be4c4a995,04e21d940c5920f48d0f8dbc722900dfd4f6578b,04e21d940c5920f48d0f8dbc722900dfd4f6578b,119e8906d3c8166ad7b64e741d4cb09fc56f7bf46a98d6164fddc7d65e23270b,CURATED_OPTION|PARETO_NONDOMINATED,CURATED_OPTION|DIVERSE_PARETO|HIGH_PRECURSOR_COUNT|LOW_FINAL_AVALANCHE_FRACTION,NOT_RUN,[],False,NOT_EVALUATED,DBTT,NOT_ASSIGNED_BY_THIS_FRACTURE_SCREEN,TARGET_CLASS_CONDITIONAL_NOT_PROBABILISTIC,"{""completion_domain_objective"":0.0,""control_onset_deviation_objective"":1.1214404076950912,""final_avalanche_objective"":0.0,""precursor_topology_objective"":0.0,""process_zone_state_objective"":0.0,""provider_robustness_objective"":1.326174967253888,""reinitiation_objective"":0.0,""temperature_class_objective"":0.0}",NONE_RECORDED,OBSERVED_AVALANCHES_1_TO_3;REINITIATIONS_0_TO_2,OBSERVED_AVALANCHES_1_TO_4;REINITIATIONS_0_TO_3,0.13560988168856827,PROVIDER_SENSITIVE_TOPOLOGY,QUALITATIVE_TREND_AGREEMENT,86.06149502829139,31.25543889052597,112.2627101834096,1.438901966326914,1.6,0.8695652173913043,208.768372894622,46.497409939741274,SCREENED_TRADEOFF,481.33,1.623963668731628,0.0025521865665140663,10.55714183678247,-0.0007563298158554835,0.4541669420804756,2.740225643591671,0.026239358201278,3.38114345618304,0.007087166711836618,1.6625839864848888,-0.007534375211929468,0.2432531368142687,0.43788840657854566,0.0103682254353579,3.206199759724107,-47.210183920055506,1.448395521938801,1.871259921230376,1000000000000.0,1.31810326251791,38.65403038066854,0.7048910272121429,0.5389550719410181,100000000000.0,1133884674040099.0,10573536576701.426,0.6272272368043287,2.702940995854627
oneD_v2_dbtt_R_c4859a34963f15af,oneD_v2_fracture_option_bank_v1,DBTT,oneD_v2_peak_dbtt_R_v1,v913_zeroD_sobol_0202500,SOBOL_LOCAL_MATERIAL,V913_ACTIVE_CANDIDATE_29,29,"{""Tref_K"":481.33,""c_blunt"":4.417075857697392,""cleave_G00_eV"":1.555030574690216,""cleave_exp_a"":0.5540489718738786,""cleave_exp_n"":3.2820365214039224,""cleave_floor_frac"":0.026239358201278,""cleave_gT_eV_per_K"":0.00476129068183239,""cleave_sT_GPa_per_K"":-0.00038266904151011065,""cleave_sigc0_GPa"":8.958192641825189,""emit_G00_eV"":4.0323646931378665,""emit_exp_a"":0.09495684507018155,""emit_exp_n"":0.5958818159366011,""emit_floor_frac"":0.0103682254353579,""emit_gT_eV_per_K"":0.005791682350533985,""emit_sT_GPa_per_K"":-0.0056532798569228875,""emit_sigc0_GPa"":2.2555982442585365,""peierls_H0_eV"":2.8005356939452675,""peierls_activation_entropy_kB"":-16.08780959512038,""peierls_exp_a"":1.448395521938801,""peierls_exp_n"":1.871259921230376,""peierls_nu0_s"":1000000000000.0,""rho_source0_m2"":1540295264461026.2,""taylor_H0_eV"":0.9384280178774456,""taylor_activation_entropy_kB"":25.766149126325256,""taylor_corr_rho_c_m2"":14521688365779.002,""taylor_corr_scale"":1.0823332580836238,""taylor_exp_a"":0.7048910272121429,""taylor_exp_n"":0.5389550719410181,""taylor_nu0_s"":100000000000.0}",c4859a34963f15af8f0a768e9948a98385802b266845d1c9166f86669cb137c0,5045feed8c87440676c580fe7f74989be4c4a995,04e21d940c5920f48d0f8dbc722900dfd4f6578b,04e21d940c5920f48d0f8dbc722900dfd4f6578b,119e8906d3c8166ad7b64e741d4cb09fc56f7bf46a98d6164fddc7d65e23270b,CURATED_OPTION|PARETO_NONDOMINATED,CURATED_OPTION|DIVERSE_PARETO,NOT_RUN,[],False,NOT_EVALUATED,DBTT,NOT_ASSIGNED_BY_THIS_FRACTURE_SCREEN,TARGET_CLASS_CONDITIONAL_NOT_PROBABILISTIC,"{""completion_domain_objective"":0.0,""control_onset_deviation_objective"":1.000419864656029,""final_avalanche_objective"":0.0,""precursor_topology_objective"":0.0,""process_zone_state_objective"":0.0,""provider_robustness_objective"":2.7227718456176517,""reinitiation_objective"":0.0,""temperature_class_objective"":0.0254357920786958}",NONE_RECORDED,OBSERVED_AVALANCHES_1_TO_3;REINITIATIONS_0_TO_2,OBSERVED_AVALANCHES_1_TO_3;REINITIATIONS_0_TO_2,0.31868364928522863,PROVIDER_SENSITIVE_TOPOLOGY,QUALITATIVE_TREND_AGREEMENT,75.25327700610013,20.25768374396311,110.63375682528734,1.6477795353981208,1.35,0.8823529411764706,240.3256261695172,39.03772735742806,SCREENED_TRADEOFF,481.33,1.555030574690216,0.00476129068183239,8.958192641825189,-0.00038266904151011065,0.5540489718738786,3.2820365214039224,0.026239358201278,4.0323646931378665,0.005791682350533985,2.2555982442585365,-0.0056532798569228875,0.09495684507018155,0.5958818159366011,0.0103682254353579,2.8005356939452675,-16.08780959512038,1.448395521938801,1.871259921230376,1000000000000.0,0.9384280178774456,25.766149126325256,0.7048910272121429,0.5389550719410181,100000000000.0,1540295264461026.2,14521688365779.002,1.0823332580836238,4.417075857697392
oneD_v2_dbtt_R_c6202fa7a9fd1baf,oneD_v2_fracture_option_bank_v1,DBTT,oneD_v2_peak_dbtt_R_v1,v913_zeroD_sobol_0202500,SOBOL_LOCAL_MATERIAL,V913_ACTIVE_CANDIDATE_29,29,"{""Tref_K"":481.33,""c_blunt"":3.5261092063708195,""cleave_G00_eV"":4.039939341327376,""cleave_exp_a"":0.3294708936509848,""cleave_exp_n"":2.551694137189805,""cleave_floor_frac"":0.026239358201278,""cleave_gT_eV_per_K"":0.008508386783476696,""cleave_sT_GPa_per_K"":6.478149006786116e-05,""cleave_sigc0_GPa"":4.16405266229612,""emit_G00_eV"":6.258594248875975,""emit_exp_a"":0.2324296140026595,""emit_exp_n"":0.48089256428673904,""emit_floor_frac"":0.0103682254353579,""emit_gT_eV_per_K"":0.00259607035993785,""emit_sT_GPa_per_K"":-0.0030325441012214616,""emit_sigc0_GPa"":3.9828414501694245,""peierls_H0_eV"":2.9198636017622808,""peierls_activation_entropy_kB"":-57.07386333815644,""peierls_exp_a"":1.448395521938801,""peierls_exp_n"":1.871259921230376,""peierls_nu0_s"":1000000000000.0,""rho_source0_m2"":362716841727869.06,""taylor_H0_eV"":2.405741127631251,""taylor_activation_entropy_kB"":37.459591269231936,""taylor_corr_rho_c_m2"":14620376893521.01,""taylor_corr_scale"":0.9735631783935513,""taylor_exp_a"":0.7048910272121429,""taylor_exp_n"":0.5389550719410181,""taylor_nu0_s"":100000000000.0}",c6202fa7a9fd1baf38f0c26150ae90b462966caac8e05c0d49988128947bdbc2,5045feed8c87440676c580fe7f74989be4c4a995,04e21d940c5920f48d0f8dbc722900dfd4f6578b,04e21d940c5920f48d0f8dbc722900dfd4f6578b,119e8906d3c8166ad7b64e741d4cb09fc56f7bf46a98d6164fddc7d65e23270b,CURATED_OPTION|PARETO_NEAR_FRONT,CURATED_OPTION|DIVERSE_PARETO,NOT_RUN,[],False,NOT_EVALUATED,DBTT,NOT_ASSIGNED_BY_THIS_FRACTURE_SCREEN,TARGET_CLASS_CONDITIONAL_NOT_PROBABILISTIC,"{""completion_domain_objective"":0.0,""control_onset_deviation_objective"":0.9499861984000616,""final_avalanche_objective"":0.0,""precursor_topology_objective"":2.0,""process_zone_state_objective"":0.0,""provider_robustness_objective"":1.274622682972229,""reinitiation_objective"":0.15,""temperature_class_objective"":0.3842524559936422}",NONE_RECORDED,OBSERVED_AVALANCHES_1_TO_1;REINITIATIONS_0_TO_0,OBSERVED_AVALANCHES_3_TO_3;REINITIATIONS_2_TO_2,0.6166581633828135,PROVIDER_SENSITIVE_TOPOLOGY,QUALITATIVE_TREND_AGREEMENT,26.829120693300997,20.277289113534664,33.293882107759224,0.7765123086305014,1.0,0.8823529411764706,9.796780440842491,8.376325421630161,SCREENED_TRADEOFF,481.33,4.039939341327376,0.008508386783476696,4.16405266229612,6.478149006786116e-05,0.3294708936509848,2.551694137189805,0.026239358201278,6.258594248875975,0.00259607035993785,3.9828414501694245,-0.0030325441012214616,0.2324296140026595,0.48089256428673904,0.0103682254353579,2.9198636017622808,-57.07386333815644,1.448395521938801,1.871259921230376,1000000000000.0,2.405741127631251,37.459591269231936,0.7048910272121429,0.5389550719410181,100000000000.0,362716841727869.06,14620376893521.01,0.9735631783935513,3.5261092063708195
v913_zeroD_sobol_0202500,oneD_v2_fracture_option_bank_v1,DBTT,oneD_v2_peak_dbtt_R_v1,v913_zeroD_sobol_0202500,HISTORICAL_CONTROL,V913_ACTIVE_CANDIDATE_29,29,"{""Tref_K"":481.33,""c_blunt"":2.929164256900549,""cleave_G00_eV"":2.357721022795886,""cleave_exp_a"":0.4968366474844515,""cleave_exp_n"":2.618804107885808,""cleave_floor_frac"":0.026239358201278,""cleave_gT_eV_per_K"":0.0056085130451247,""cleave_sT_GPa_per_K"":-0.0012041387008503,""cleave_sigc0_GPa"":6.7501407796517015,""emit_G00_eV"":3.344896922819316,""emit_exp_a"":0.1572539726179093,""emit_exp_n"":0.5156166724395007,""emit_floor_frac"":0.0103682254353579,""emit_gT_eV_per_K"":0.0061668124636635,""emit_sT_GPa_per_K"":-0.0052233074344694,""emit_sigc0_GPa"":2.7143102660775185,""peierls_H0_eV"":3.525720003992319,""peierls_activation_entropy_kB"":-36.33932862430811,""peierls_exp_a"":1.448395521938801,""peierls_exp_n"":1.871259921230376,""peierls_nu0_s"":1000000000000.0,""rho_source0_m2"":523948859759023.8,""taylor_H0_eV"":1.4998139148950578,""taylor_activation_entropy_kB"":31.365934647619724,""taylor_corr_rho_c_m2"":22042481205294.297,""taylor_corr_scale"":1.2690231726199324,""taylor_exp_a"":0.7048910272121429,""taylor_exp_n"":0.5389550719410181,""taylor_nu0_s"":100000000000.0}",54104a30a31aa19517810249cb3ea42a346b92670ce3bd4f007110ba3babb1c2,5045feed8c87440676c580fe7f74989be4c4a995,04e21d940c5920f48d0f8dbc722900dfd4f6578b,04e21d940c5920f48d0f8dbc722900dfd4f6578b,119e8906d3c8166ad7b64e741d4cb09fc56f7bf46a98d6164fddc7d65e23270b,CURATED_OPTION|CURRENT_V2_SELECTED|DIRECT_PF_VALIDATED|HISTORICAL_CONTROL|PARETO_NONDOMINATED,BALANCED|CONTROL|CURATED_OPTION|DIVERSE_PARETO,AVAILABLE_AUTHORITATIVE_TEMPERATURE_MATCHED_UNPAIRED_SEEDS,"[{""hazard_seed"": 1004630, ""source_steps_file"": ""/Volumes/Data/Data/Nanopillar_calculation/PF-fracture-fatigue_v10_2_21_persistent_sites_top1/runs/1_final_v10_2_30_theta0_rate_extremes_four_class_1000um_base3621_v1/rate1x/v913_paper_dbtt01_0202500_persistent_sites/T600K_th0_seed1004630/steps_0600K.csv"", ""source_steps_sha256"": ""955d63e5cd8019c49b933c89a0a6e594fc49ceea62bb8584d15785dc21a4cceb"", ""temperature_K"": 600.0}, {""hazard_seed"": 1010684, ""source_steps_file"": ""/Volumes/Data/Data/Nanopillar_calculation/PF-fracture-fatigue_v10_2_21_persistent_sites_top1/runs/1_final_v10_2_30_theta0_rate_extremes_four_class_1000um_base3621_v1/rate1x/v913_paper_dbtt01_0202500_persistent_sites/T1100K_th0_seed1010684/steps_1100K.csv"", ""source_steps_sha256"": ""43afde171dcea029a044b27f88e594dfa346a67eebb473dde38a0a0dca7ca131"", ""temperature_K"": 1100.0}, {""hazard_seed"": 1012702, ""source_steps_file"": ""/Volumes/Data/Data/Nanopillar_calculation/PF-fracture-fatigue_v10_2_21_persistent_sites_top1/runs/1_final_v10_2_30_theta0_rate_extremes_four_class_1000um_base3621_v1/rate1x/v913_paper_dbtt01_0202500_persistent_sites/T1200K_th0_seed1012702/steps_1200K.csv"", ""source_steps_sha256"": ""b5337cd7621e08ab62f6f2bf070c007789321b59449c511514c8c1678df0aa01"", ""temperature_K"": 1200.0}]",False,NOT_EVALUATED,DBTT,NOT_ASSIGNED_BY_THIS_FRACTURE_SCREEN,TARGET_CLASS_CONDITIONAL_NOT_PROBABILISTIC,"{""completion_domain_objective"":0.0,""control_onset_deviation_objective"":0.0,""final_avalanche_objective"":0.0,""precursor_topology_objective"":1.0,""process_zone_state_objective"":0.0,""provider_robustness_objective"":1.441112348513566,""reinitiation_objective"":0.0,""temperature_class_objective"":0.0}",NONE_RECORDED,OBSERVED_AVALANCHES_1_TO_2;REINITIATIONS_0_TO_1,OBSERVED_AVALANCHES_2_TO_4;REINITIATIONS_1_TO_3,0.3993860948498943,PROVIDER_SENSITIVE_TOPOLOGY,QUALITATIVE_TREND_AGREEMENT,44.4479335926274,22.43664018053003,67.23866332113639,1.588051097849765,1.2222222222222223,0.8695652173913043,134.43332604382263,35.79457196391219,SCREENED_TRADEOFF,481.33,2.357721022795886,0.0056085130451247,6.7501407796517015,-0.0012041387008503,0.4968366474844515,2.618804107885808,0.026239358201278,3.344896922819316,0.0061668124636635,2.7143102660775185,-0.0052233074344694,0.1572539726179093,0.5156166724395007,0.0103682254353579,3.525720003992319,-36.33932862430811,1.448395521938801,1.871259921230376,1000000000000.0,1.4998139148950578,31.365934647619724,0.7048910272121429,0.5389550719410181,100000000000.0,523948859759023.8,22042481205294.297,1.2690231726199324,2.929164256900549
oneD_v2_peak_R_08d3d587dc56027b,oneD_v2_fracture_option_bank_v1,Peak,oneD_v2_peak_dbtt_R_v1,v913_zeroD_sobol_0242980|v913_zeroD_sobol_0011131,ARCHIVED_MORPH_0.50,V913_ACTIVE_CANDIDATE_29,29,"{""Tref_K"":481.33,""c_blunt"":1.424663168329676,""cleave_G00_eV"":3.171146620871817,""cleave_exp_a"":0.28600664998992803,""cleave_exp_n"":1.8184835225834575,""cleave_floor_frac"":0.0184513317135146,""cleave_gT_eV_per_K"":0.00879082556627685,""cleave_sT_GPa_per_K"":-0.0007498653298243,""cleave_sigc0_GPa"":4.73576893861172,""emit_G00_eV"":2.3481392692556207,""emit_exp_a"":0.3230300085259632,""emit_exp_n"":1.5380874349336966,""emit_floor_frac"":0.0058420097608974,""emit_gT_eV_per_K"":4.796832241120002e-05,""emit_sT_GPa_per_K"":6.64130300283499e-05,""emit_sigc0_GPa"":6.602335496409738,""peierls_H0_eV"":4.209927337760458,""peierls_activation_entropy_kB"":9.085712656378746,""peierls_exp_a"":1.9097672308795155,""peierls_exp_n"":1.1372957159765065,""peierls_nu0_s"":1000000000000.0,""rho_source0_m2"":4647049131263252.0,""taylor_H0_eV"":1.176183578425382,""taylor_activation_entropy_kB"":22.678739354014397,""taylor_corr_rho_c_m2"":3477850040195386.0,""taylor_corr_scale"":1.7595805489093488,""taylor_exp_a"":0.4561179580539465,""taylor_exp_n"":1.2506696581840515,""taylor_nu0_s"":100000000000.0}",08d3d587dc56027b4eb2564864fa2fe415282aa3431338a0fee1868bb43be518,5045feed8c87440676c580fe7f74989be4c4a995,04e21d940c5920f48d0f8dbc722900dfd4f6578b,04e21d940c5920f48d0f8dbc722900dfd4f6578b,119e8906d3c8166ad7b64e741d4cb09fc56f7bf46a98d6164fddc7d65e23270b,CURATED_OPTION|PARETO_NEAR_FRONT,CURATED_OPTION|DIVERSE_PARETO|HIGH_FINAL_AVALANCHE_FRACTION|LOW_PRECURSOR_COUNT,NOT_RUN,[],False,NOT_EVALUATED,Peak,NOT_ASSIGNED_BY_THIS_FRACTURE_SCREEN,TARGET_CLASS_CONDITIONAL_NOT_PROBABILISTIC,"{""completion_domain_objective"":0.0,""control_onset_deviation_objective"":0.6100808032515488,""final_avalanche_objective"":0.0,""precursor_topology_objective"":2.0,""process_zone_state_objective"":0.0,""provider_robustness_objective"":0.396884679929908,""reinitiation_objective"":0.2,""temperature_class_objective"":0.0283682847409049}",NONE_RECORDED,OBSERVED_AVALANCHES_1_TO_1;REINITIATIONS_0_TO_0,OBSERVED_AVALANCHES_1_TO_1;REINITIATIONS_0_TO_0,0.11716142823860878,AGREE_ALL_COMMON_TEMPERATURES,QUALITATIVE_TREND_AGREEMENT,65.06540636263094,35.674385691143875,79.20353317920697,0.0,0.0,1.0,19.72499475441447,19.227004547604363,SCREENED_TRADEOFF,481.33,3.171146620871817,0.00879082556627685,4.73576893861172,-0.0007498653298243,0.28600664998992803,1.8184835225834575,0.0184513317135146,2.3481392692556207,4.796832241120002e-05,6.602335496409738,6.64130300283499e-05,0.3230300085259632,1.5380874349336966,0.0058420097608974,4.209927337760458,9.085712656378746,1.9097672308795155,1.1372957159765065,1000000000000.0,1.176183578425382,22.678739354014397,0.4561179580539465,1.2506696581840515,100000000000.0,4647049131263252.0,3477850040195386.0,1.7595805489093488,1.424663168329676
oneD_v2_peak_R_0eefba17a2774edd,oneD_v2_fracture_option_bank_v1,Peak,oneD_v2_peak_dbtt_R_v1,v913_zeroD_sobol_0242980,SOBOL_LOCAL_MATERIAL,V913_ACTIVE_CANDIDATE_29,29,"{""Tref_K"":481.33,""c_blunt"":1.8721566744699059,""cleave_G00_eV"":3.459202266234313,""cleave_exp_a"":1.2031424610746368,""cleave_exp_n"":1.134365930794763,""cleave_floor_frac"":0.0184513317135146,""cleave_gT_eV_per_K"":0.011700318880180803,""cleave_sT_GPa_per_K"":-0.0023823350981215198,""cleave_sigc0_GPa"":8.800165258166258,""emit_G00_eV"":1.2613847792296702,""emit_exp_a"":0.12825131487802466,""emit_exp_n"":0.7938900977749822,""emit_floor_frac"":0.0058420097608974,""emit_gT_eV_per_K"":9.523643033278986e-05,""emit_sT_GPa_per_K"":0.0003298405956891706,""emit_sigc0_GPa"":5.631888674075191,""peierls_H0_eV"":9.280294170705274,""peierls_activation_entropy_kB"":0.9164744971121834,""peierls_exp_a"":1.9097672308795155,""peierls_exp_n"":1.1372957159765065,""peierls_nu0_s"":1000000000000.0,""rho_source0_m2"":4.496715483302464e+16,""taylor_H0_eV"":1.231521154471001,""taylor_activation_entropy_kB"":61.11466485165461,""taylor_corr_rho_c_m2"":51585984362170.914,""taylor_corr_scale"":0.9782444336573705,""taylor_exp_a"":0.4561179580539465,""taylor_exp_n"":1.2506696581840515,""taylor_nu0_s"":100000000000.0}",0eefba17a2774eddbbcca717071846990902cc16b402e7061b36124304cb3840,5045feed8c87440676c580fe7f74989be4c4a995,04e21d940c5920f48d0f8dbc722900dfd4f6578b,04e21d940c5920f48d0f8dbc722900dfd4f6578b,119e8906d3c8166ad7b64e741d4cb09fc56f7bf46a98d6164fddc7d65e23270b,CURATED_OPTION|PARETO_NEAR_FRONT,CURATED_OPTION|DIVERSE_PARETO,NOT_RUN,[],False,NOT_EVALUATED,Peak,NOT_ASSIGNED_BY_THIS_FRACTURE_SCREEN,TARGET_CLASS_CONDITIONAL_NOT_PROBABILISTIC,"{""completion_domain_objective"":0.0,""control_onset_deviation_objective"":1.1335912070078122,""final_avalanche_objective"":0.0,""precursor_topology_objective"":2.0,""process_zone_state_objective"":0.0,""provider_robustness_objective"":0.0167820521557633,""reinitiation_objective"":0.2,""temperature_class_objective"":2.217803691503547}",NONE_RECORDED,OBSERVED_AVALANCHES_1_TO_1;REINITIATIONS_0_TO_0,OBSERVED_AVALANCHES_1_TO_1;REINITIATIONS_0_TO_0,0.05354375811491487,AGREE_ALL_COMMON_TEMPERATURES,QUALITATIVE_TREND_AGREEMENT,81.79541912481055,72.52481110959978,88.22705619313996,0.0,0.0,1.0,17.761150991453633,15.868566657004203,SCREENED_TRADEOFF,481.33,3.459202266234313,0.011700318880180803,8.800165258166258,-0.0023823350981215198,1.2031424610746368,1.134365930794763,0.0184513317135146,1.2613847792296702,9.523643033278986e-05,5.631888674075191,0.0003298405956891706,0.12825131487802466,0.7938900977749822,0.0058420097608974,9.280294170705274,0.9164744971121834,1.9097672308795155,1.1372957159765065,1000000000000.0,1.231521154471001,61.11466485165461,0.4561179580539465,1.2506696581840515,100000000000.0,4.496715483302464e+16,51585984362170.914,0.9782444336573705,1.8721566744699059
oneD_v2_peak_R_217a4e337cf79902,oneD_v2_fracture_option_bank_v1,Peak,oneD_v2_peak_dbtt_R_v1,v913_zeroD_sobol_0242980,SOBOL_LOCAL_MATERIAL,V913_ACTIVE_CANDIDATE_29,29,"{""Tref_K"":481.33,""c_blunt"":6.355914105771673,""cleave_G00_eV"":6.078533205209636,""cleave_exp_a"":1.0648951237835473,""cleave_exp_n"":1.898974285253466,""cleave_floor_frac"":0.0184513317135146,""cleave_gT_eV_per_K"":0.010321923435429639,""cleave_sT_GPa_per_K"":-9.995398325358083e-05,""cleave_sigc0_GPa"":6.874462123256281,""emit_G00_eV"":1.3826192365392378,""emit_exp_a"":0.057513090629313965,""emit_exp_n"":0.7390975350521524,""emit_floor_frac"":0.0058420097608974,""emit_gT_eV_per_K"":0.0013055151902973824,""emit_sT_GPa_per_K"":0.0006151339027278963,""emit_sigc0_GPa"":3.402830864820063,""peierls_H0_eV"":8.902058099630057,""peierls_activation_entropy_kB"":10.018728550498885,""peierls_exp_a"":1.9097672308795155,""peierls_exp_n"":1.1372957159765065,""peierls_nu0_s"":1000000000000.0,""rho_source0_m2"":1.309092103157917e+16,""taylor_H0_eV"":1.8721781672111806,""taylor_activation_entropy_kB"":39.926775007861266,""taylor_corr_rho_c_m2"":161311512172376.1,""taylor_corr_scale"":1.3033673757627144,""taylor_exp_a"":0.4561179580539465,""taylor_exp_n"":1.2506696581840515,""taylor_nu0_s"":100000000000.0}",217a4e337cf7990218cdffb95fc7fdcaa628194b6ee2e2cfd719e744936e01e8,5045feed8c87440676c580fe7f74989be4c4a995,04e21d940c5920f48d0f8dbc722900dfd4f6578b,04e21d940c5920f48d0f8dbc722900dfd4f6578b,119e8906d3c8166ad7b64e741d4cb09fc56f7bf46a98d6164fddc7d65e23270b,CURATED_OPTION|PARETO_NONDOMINATED,CURATED_OPTION|DIVERSE_PARETO,NOT_RUN,[],False,NOT_EVALUATED,Peak,NOT_ASSIGNED_BY_THIS_FRACTURE_SCREEN,TARGET_CLASS_CONDITIONAL_NOT_PROBABILISTIC,"{""completion_domain_objective"":0.0,""control_onset_deviation_objective"":1.6632001160984655,""final_avalanche_objective"":0.0,""precursor_topology_objective"":1.0,""process_zone_state_objective"":0.0,""provider_robustness_objective"":0.2740154687423171,""reinitiation_objective"":0.1,""temperature_class_objective"":1.1802075465350632}",NONE_RECORDED,OBSERVED_AVALANCHES_1_TO_1;REINITIATIONS_0_TO_0,OBSERVED_AVALANCHES_1_TO_2;REINITIATIONS_0_TO_1,0.2043367847233822,PROVIDER_SENSITIVE_TOPOLOGY,QUALITATIVE_TREND_AGREEMENT,107.1170975567004,92.85520641588175,124.08367430355736,0.10560021720391606,0.375,0.9473684210526315,49.46850477013266,14.645285456834925,SCREENED_TRADEOFF,481.33,6.078533205209636,0.010321923435429639,6.874462123256281,-9.995398325358083e-05,1.0648951237835473,1.898974285253466,0.0184513317135146,1.3826192365392378,0.0013055151902973824,3.402830864820063,0.0006151339027278963,0.057513090629313965,0.7390975350521524,0.0058420097608974,8.902058099630057,10.018728550498885,1.9097672308795155,1.1372957159765065,1000000000000.0,1.8721781672111806,39.926775007861266,0.4561179580539465,1.2506696581840515,100000000000.0,1.309092103157917e+16,161311512172376.1,1.3033673757627144,6.355914105771673
oneD_v2_peak_R_2698bc6755c240fc,oneD_v2_fracture_option_bank_v1,Peak,oneD_v2_peak_dbtt_R_v1,v913_zeroD_sobol_0242980,SOBOL_LOCAL_MATERIAL,V913_ACTIVE_CANDIDATE_29,29,"{""Tref_K"":481.33,""c_blunt"":2.243129436587968,""cleave_G00_eV"":4.875101341871505,""cleave_exp_a"":1.9645792418259007,""cleave_exp_n"":1.7136593677700251,""cleave_floor_frac"":0.0184513317135146,""cleave_gT_eV_per_K"":0.006748126438310923,""cleave_sT_GPa_per_K"":-0.0013915091111728836,""cleave_sigc0_GPa"":5.870089566774832,""emit_G00_eV"":3.4901390994612598,""emit_exp_a"":0.136559110448864,""emit_exp_n"":0.9634388629798846,""emit_floor_frac"":0.0058420097608974,""emit_gT_eV_per_K"":-0.00015726690755435055,""emit_sT_GPa_per_K"":0.00023655283434747035,""emit_sigc0_GPa"":13.42461703562483,""peierls_H0_eV"":9.751975186536933,""peierls_activation_entropy_kB"":7.13674319257082,""peierls_exp_a"":1.9097672308795155,""peierls_exp_n"":1.1372957159765065,""peierls_nu0_s"":1000000000000.0,""rho_source0_m2"":4.3433977267991416e+16,""taylor_H0_eV"":1.5682708891345247,""taylor_activation_entropy_kB"":47.4575145020291,""taylor_corr_rho_c_m2"":150947771755104.75,""taylor_corr_scale"":0.41892088498260005,""taylor_exp_a"":0.4561179580539465,""taylor_exp_n"":1.2506696581840515,""taylor_nu0_s"":100000000000.0}",2698bc6755c240fc8385c270ff58a9909ce2e8d8b31f06ac687bc9cb91855855,5045feed8c87440676c580fe7f74989be4c4a995,04e21d940c5920f48d0f8dbc722900dfd4f6578b,04e21d940c5920f48d0f8dbc722900dfd4f6578b,119e8906d3c8166ad7b64e741d4cb09fc56f7bf46a98d6164fddc7d65e23270b,CURATED_OPTION|PARETO_NEAR_FRONT,CURATED_OPTION|DIVERSE_PARETO|LOW_ONSET,NOT_RUN,[],False,NOT_EVALUATED,Peak,NOT_ASSIGNED_BY_THIS_FRACTURE_SCREEN,TARGET_CLASS_CONDITIONAL_NOT_PROBABILISTIC,"{""completion_domain_objective"":0.0,""control_onset_deviation_objective"":2.0813523018976015,""final_avalanche_objective"":0.0,""precursor_topology_objective"":2.0,""process_zone_state_objective"":0.0,""provider_robustness_objective"":0.0783077011215587,""reinitiation_objective"":0.2,""temperature_class_objective"":2.6431038917021743}",NONE_RECORDED,OBSERVED_AVALANCHES_1_TO_1;REINITIATIONS_0_TO_0,OBSERVED_AVALANCHES_1_TO_1;REINITIATIONS_0_TO_0,0.37042696117975404,AGREE_ALL_COMMON_TEMPERATURES,QUALITATIVE_TREND_AGREEMENT,16.637586659219934,12.379027077680128,20.088629597365706,0.0,0.0,1.0,9.896996167910572,10.562127421569796,SCREENED_TRADEOFF,481.33,4.875101341871505,0.006748126438310923,5.870089566774832,-0.0013915091111728836,1.9645792418259007,1.7136593677700251,0.0184513317135146,3.4901390994612598,-0.00015726690755435055,13.42461703562483,0.00023655283434747035,0.136559110448864,0.9634388629798846,0.0058420097608974,9.751975186536933,7.13674319257082,1.9097672308795155,1.1372957159765065,1000000000000.0,1.5682708891345247,47.4575145020291,0.4561179580539465,1.2506696581840515,100000000000.0,4.3433977267991416e+16,150947771755104.75,0.41892088498260005,2.243129436587968
oneD_v2_peak_R_2c6f8d95d12dbced,oneD_v2_fracture_option_bank_v1,Peak,oneD_v2_peak_dbtt_R_v1,v913_zeroD_sobol_0242980,SOBOL_LOCAL_MATERIAL,V913_ACTIVE_CANDIDATE_29,29,"{""Tref_K"":481.33,""c_blunt"":6.520997071842368,""cleave_G00_eV"":4.253880759993317,""cleave_exp_a"":0.876590995266733,""cleave_exp_n"":1.7583165274537513,""cleave_floor_frac"":0.0184513317135146,""cleave_gT_eV_per_K"":0.011857748340587556,""cleave_sT_GPa_per_K"":-0.0006040903968189635,""cleave_sigc0_GPa"":4.465637489685628,""emit_G00_eV"":2.127811453900995,""emit_exp_a"":0.11464948318332195,""emit_exp_n"":1.196939346822265,""emit_floor_frac"":0.0058420097608974,""emit_gT_eV_per_K"":0.002439668925631494,""emit_sT_GPa_per_K"":0.0025321952073615985,""emit_sigc0_GPa"":4.4339452595242514,""peierls_H0_eV"":10.456010417364965,""peierls_activation_entropy_kB"":17.758349312670664,""peierls_exp_a"":1.9097672308795155,""peierls_exp_n"":1.1372957159765065,""peierls_nu0_s"":1000000000000.0,""rho_source0_m2"":3.618815436757441e+16,""taylor_H0_eV"":1.1704792049851933,""taylor_activation_entropy_kB"":22.566106909360542,""taylor_corr_rho_c_m2"":49017762677620.47,""taylor_corr_scale"":0.7645595250908833,""taylor_exp_a"":0.4561179580539465,""taylor_exp_n"":1.2506696581840515,""taylor_nu0_s"":100000000000.0}",2c6f8d95d12dbced63346589fad99fd182f2c9693346745a95c61bf39bab4e6e,5045feed8c87440676c580fe7f74989be4c4a995,04e21d940c5920f48d0f8dbc722900dfd4f6578b,04e21d940c5920f48d0f8dbc722900dfd4f6578b,119e8906d3c8166ad7b64e741d4cb09fc56f7bf46a98d6164fddc7d65e23270b,CURATED_OPTION|PARETO_NEAR_FRONT,CURATED_OPTION|DIVERSE_PARETO|HIGH_BLUNTING|LOW_BACKSTRESS,NOT_RUN,[],False,NOT_EVALUATED,Peak,NOT_ASSIGNED_BY_THIS_FRACTURE_SCREEN,TARGET_CLASS_CONDITIONAL_NOT_PROBABILISTIC,"{""completion_domain_objective"":0.0,""control_onset_deviation_objective"":1.536282322380515,""final_avalanche_objective"":0.0,""precursor_topology_objective"":2.0,""process_zone_state_objective"":0.0,""provider_robustness_objective"":0.1129746076617935,""reinitiation_objective"":0.2,""temperature_class_objective"":2.398601944287719}",NONE_RECORDED,OBSERVED_AVALANCHES_1_TO_1;REINITIATIONS_0_TO_0,OBSERVED_AVALANCHES_1_TO_1;REINITIATIONS_0_TO_0,0.2527883107828274,AGREE_ALL_COMMON_TEMPERATURES,QUALITATIVE_TREND_AGREEMENT,21.678342235694945,17.187869832112725,24.75629911584734,0.0,0.0,1.0,10.7639720097643,6.489509646001983,SCREENED_TRADEOFF,481.33,4.253880759993317,0.011857748340587556,4.465637489685628,-0.0006040903968189635,0.876590995266733,1.7583165274537513,0.0184513317135146,2.127811453900995,0.002439668925631494,4.4339452595242514,0.0025321952073615985,0.11464948318332195,1.196939346822265,0.0058420097608974,10.456010417364965,17.758349312670664,1.9097672308795155,1.1372957159765065,1000000000000.0,1.1704792049851933,22.566106909360542,0.4561179580539465,1.2506696581840515,100000000000.0,3.618815436757441e+16,49017762677620.47,0.7645595250908833,6.520997071842368
oneD_v2_peak_R_40dc611f87479dbe,oneD_v2_fracture_option_bank_v1,Peak,oneD_v2_peak_dbtt_R_v1,v913_zeroD_sobol_0242980,SOBOL_LOCAL_MATERIAL,V913_ACTIVE_CANDIDATE_29,29,"{""Tref_K"":481.33,""c_blunt"":2.4068990036498397,""cleave_G00_eV"":4.068601962037316,""cleave_exp_a"":1.017401808065409,""cleave_exp_n"":0.9483343902196867,""cleave_floor_frac"":0.0184513317135146,""cleave_gT_eV_per_K"":0.00868192208533487,""cleave_sT_GPa_per_K"":-0.002226842117459966,""cleave_sigc0_GPa"":8.012946590897913,""emit_G00_eV"":1.1264569539966822,""emit_exp_a"":0.0936942273487843,""emit_exp_n"":0.8280402031597809,""emit_floor_frac"":0.0058420097608974,""emit_gT_eV_per_K"":0.0004317460422614955,""emit_sT_GPa_per_K"":0.002651392754969424,""emit_sigc0_GPa"":8.13936725697939,""peierls_H0_eV"":7.991328880640355,""peierls_activation_entropy_kB"":3.3469928055122526,""peierls_exp_a"":1.9097672308795155,""peierls_exp_n"":1.1372957159765065,""peierls_nu0_s"":1000000000000.0,""rho_source0_m2"":4.954223531428774e+16,""taylor_H0_eV"":2.1620603133483662,""taylor_activation_entropy_kB"":26.444339577869442,""taylor_corr_rho_c_m2"":44487942988822.305,""taylor_corr_scale"":0.5075411103535612,""taylor_exp_a"":0.4561179580539465,""taylor_exp_n"":1.2506696581840515,""taylor_nu0_s"":100000000000.0}",40dc611f87479dbec4e49318c0473b94de5f902c1863e9ff9564d539149b24f3,5045feed8c87440676c580fe7f74989be4c4a995,04e21d940c5920f48d0f8dbc722900dfd4f6578b,04e21d940c5920f48d0f8dbc722900dfd4f6578b,119e8906d3c8166ad7b64e741d4cb09fc56f7bf46a98d6164fddc7d65e23270b,CURATED_OPTION|PARETO_NONDOMINATED,CURATED_OPTION|DIVERSE_PARETO,NOT_RUN,[],False,NOT_EVALUATED,Peak,NOT_ASSIGNED_BY_THIS_FRACTURE_SCREEN,TARGET_CLASS_CONDITIONAL_NOT_PROBABILISTIC,"{""completion_domain_objective"":0.0,""control_onset_deviation_objective"":1.8348415720450475,""final_avalanche_objective"":0.0,""precursor_topology_objective"":1.0,""process_zone_state_objective"":0.0,""provider_robustness_objective"":0.2597253068831413,""reinitiation_objective"":0.1182637885777367,""temperature_class_objective"":2.532876163722449}",NONE_RECORDED,OBSERVED_AVALANCHES_1_TO_1;REINITIATIONS_0_TO_0,OBSERVED_AVALANCHES_1_TO_2;REINITIATIONS_0_TO_1,0.02265082668132431,PROVIDER_SENSITIVE_TOPOLOGY,QUALITATIVE_TREND_AGREEMENT,116.86377961582866,96.9527524850402,140.37078082093734,0.09909000450127645,0.375,0.9473684210526315,32.81704061354255,19.282259503218523,SCREENED_TRADEOFF,481.33,4.068601962037316,0.00868192208533487,8.012946590897913,-0.002226842117459966,1.017401808065409,0.9483343902196867,0.0184513317135146,1.1264569539966822,0.0004317460422614955,8.13936725697939,0.002651392754969424,0.0936942273487843,0.8280402031597809,0.0058420097608974,7.991328880640355,3.3469928055122526,1.9097672308795155,1.1372957159765065,1000000000000.0,2.1620603133483662,26.444339577869442,0.4561179580539465,1.2506696581840515,100000000000.0,4.954223531428774e+16,44487942988822.305,0.5075411103535612,2.4068990036498397
oneD_v2_peak_R_41f8789bcbc1f097,oneD_v2_fracture_option_bank_v1,Peak,oneD_v2_peak_dbtt_R_v1,v913_zeroD_sobol_0242980,SOBOL_LOCAL_MATERIAL,V913_ACTIVE_CANDIDATE_29,29,"{""Tref_K"":481.33,""c_blunt"":6.070267261191762,""cleave_G00_eV"":4.431657155416051,""cleave_exp_a"":1.0952997134160791,""cleave_exp_n"":0.9765095624258061,""cleave_floor_frac"":0.0184513317135146,""cleave_gT_eV_per_K"":0.009818635455831266,""cleave_sT_GPa_per_K"":-0.0020603266390436283,""cleave_sigc0_GPa"":5.774076395161329,""emit_G00_eV"":1.8487270130094766,""emit_exp_a"":0.12467190223353747,""emit_exp_n"":1.7714388605493245,""emit_floor_frac"":0.0058420097608974,""emit_gT_eV_per_K"":-0.00035581081683140137,""emit_sT_GPa_per_K"":0.0031425433709946185,""emit_sigc0_GPa"":5.4228651274844575,""peierls_H0_eV"":5.480797531252669,""peierls_activation_entropy_kB"":8.079823212926017,""peierls_exp_a"":1.9097672308795155,""peierls_exp_n"":1.1372957159765065,""peierls_nu0_s"":1000000000000.0,""rho_source0_m2"":5700429692482955.0,""taylor_H0_eV"":1.6257791718649954,""taylor_activation_entropy_kB"":23.318559691507026,""taylor_corr_rho_c_m2"":95811088816654.14,""taylor_corr_scale"":1.7008218143090084,""taylor_exp_a"":0.4561179580539465,""taylor_exp_n"":1.2506696581840515,""taylor_nu0_s"":100000000000.0}",41f8789bcbc1f097eae880694e11ac6711dfbb6884b86b2b78981bfdb22943fb,5045feed8c87440676c580fe7f74989be4c4a995,04e21d940c5920f48d0f8dbc722900dfd4f6578b,04e21d940c5920f48d0f8dbc722900dfd4f6578b,119e8906d3c8166ad7b64e741d4cb09fc56f7bf46a98d6164fddc7d65e23270b,CURATED_OPTION|DIRECT_PF_REJECTED|PARETO_NONDOMINATED|PROVIDER_SENSITIVE_OPTION|R_ENRICHED_OPTION,CURATED_OPTION|DIVERSE_PARETO|HIGH_T_SOFTENING|PROVIDER_SENSITIVE|R_ENRICHED,FAILED_NO_POSITIVE_RELOAD_SEPARATED_RESISTANCE,"[{""hazard_seed"": 8666, ""source_steps_file"": ""/private/tmp/oneD-v2-peak-dbtt-R-pf-runs/Peak_R/T600K_seed8666/steps_0600K.csv"", ""source_steps_sha256"": ""cc73680beed42103a8ef1df7d0bd7ae224a1f7c09363fc1ccd3505dbedd9451d"", ""temperature_K"": 600.0}, {""hazard_seed"": 8666, ""source_steps_file"": ""/private/tmp/oneD-v2-peak-dbtt-R-pf-runs/Peak_R/T900K_seed8666/steps_0900K.csv"", ""source_steps_sha256"": ""095a14cb0f5897969dcc915d0d6696c652dd9ba577d1fc5481eafda9b5920b28"", ""temperature_K"": 900.0}, {""hazard_seed"": 8666, ""source_steps_file"": ""/private/tmp/oneD-v2-peak-dbtt-R-pf-runs/Peak_R/T1200K_seed8666/steps_1200K.csv"", ""source_steps_sha256"": ""1005a5334a85ede5bf9fd461e9b4cb14b35d2ccbd60d712699e9b625306942db"", ""temperature_K"": 1200.0}]",False,NOT_EVALUATED,Peak,NOT_ASSIGNED_BY_THIS_FRACTURE_SCREEN,TARGET_CLASS_CONDITIONAL_NOT_PROBABILISTIC,"{""completion_domain_objective"":0.0,""control_onset_deviation_objective"":0.921963408225785,""final_avalanche_objective"":0.0,""precursor_topology_objective"":1.5,""process_zone_state_objective"":0.0,""provider_robustness_objective"":0.4289533463225213,""reinitiation_objective"":0.1574346718313822,""temperature_class_objective"":0.0}",NONE_RECORDED,OBSERVED_AVALANCHES_1_TO_1;REINITIATIONS_0_TO_0,OBSERVED_AVALANCHES_1_TO_5;REINITIATIONS_0_TO_4,0.12733222604689778,PROVIDER_SENSITIVE_TOPOLOGY,QUALITATIVE_TREND_AGREEMENT,71.83404319496921,25.741259197985094,97.07989870621768,0.859834667897109,0.25925925925925924,0.8181818181818182,253.68337732486705,34.21697489441019,PROVIDER_SENSITIVE,481.33,4.431657155416051,0.009818635455831266,5.774076395161329,-0.0020603266390436283,1.0952997134160791,0.9765095624258061,0.0184513317135146,1.8487270130094766,-0.00035581081683140137,5.4228651274844575,0.0031425433709946185,0.12467190223353747,1.7714388605493245,0.0058420097608974,5.480797531252669,8.079823212926017,1.9097672308795155,1.1372957159765065,1000000000000.0,1.6257791718649954,23.318559691507026,0.4561179580539465,1.2506696581840515,100000000000.0,5700429692482955.0,95811088816654.14,1.7008218143090084,6.070267261191762
oneD_v2_peak_R_544eb7cb2bdac134,oneD_v2_fracture_option_bank_v1,Peak,oneD_v2_peak_dbtt_R_v1,v913_zeroD_sobol_0242980,SOBOL_LOCAL_MATERIAL,V913_ACTIVE_CANDIDATE_29,29,"{""Tref_K"":481.33,""c_blunt"":1.7654356752613773,""cleave_G00_eV"":4.1394965010246985,""cleave_exp_a"":1.8484064269519338,""cleave_exp_n"":0.9043280666696061,""cleave_floor_frac"":0.0184513317135146,""cleave_gT_eV_per_K"":0.004194663864450772,""cleave_sT_GPa_per_K"":-0.0016815519484908632,""cleave_sigc0_GPa"":11.398577002072424,""emit_G00_eV"":3.8085923866378586,""emit_exp_a"":0.11379083209760328,""emit_exp_n"":1.4855842337618859,""emit_floor_frac"":0.0058420097608974,""emit_gT_eV_per_K"":0.0008201347761328462,""emit_sT_GPa_per_K"":-0.0006920020023864096,""emit_sigc0_GPa"":3.4217408477156073,""peierls_H0_eV"":4.6837520004608875,""peierls_activation_entropy_kB"":14.126759243411653,""peierls_exp_a"":1.9097672308795155,""peierls_exp_n"":1.1372957159765065,""peierls_nu0_s"":1000000000000.0,""rho_source0_m2"":3.773819340771521e+16,""taylor_H0_eV"":2.535511612952959,""taylor_activation_entropy_kB"":56.42276408420118,""taylor_corr_rho_c_m2"":27468977702939.543,""taylor_corr_scale"":0.9811176211790685,""taylor_exp_a"":0.4561179580539465,""taylor_exp_n"":1.2506696581840515,""taylor_nu0_s"":100000000000.0}",544eb7cb2bdac134a400da1ea5105c304f6a1c0ed324cdc75f450734badcb882,5045feed8c87440676c580fe7f74989be4c4a995,04e21d940c5920f48d0f8dbc722900dfd4f6578b,04e21d940c5920f48d0f8dbc722900dfd4f6578b,119e8906d3c8166ad7b64e741d4cb09fc56f7bf46a98d6164fddc7d65e23270b,CURATED_OPTION|PARETO_NEAR_FRONT,CURATED_OPTION|DIVERSE_PARETO|LOW_BACKSTRESS,NOT_RUN,[],False,NOT_EVALUATED,Peak,NOT_ASSIGNED_BY_THIS_FRACTURE_SCREEN,TARGET_CLASS_CONDITIONAL_NOT_PROBABILISTIC,"{""completion_domain_objective"":0.0,""control_onset_deviation_objective"":1.234444038723642,""final_avalanche_objective"":0.0,""precursor_topology_objective"":2.0,""process_zone_state_objective"":0.0,""provider_robustness_objective"":0.01684743895071,""reinitiation_objective"":0.2,""temperature_class_objective"":2.484614097773848}",NONE_RECORDED,OBSERVED_AVALANCHES_1_TO_1;REINITIATIONS_0_TO_0,OBSERVED_AVALANCHES_1_TO_1;REINITIATIONS_0_TO_0,0.48655692128702555,AGREE_ALL_COMMON_TEMPERATURES,QUALITATIVE_TREND_AGREEMENT,26.772881433886493,20.016807355640772,36.24654991328525,0.0,0.0,1.0,6.418010045836027,9.290714607515485,SCREENED_TRADEOFF,481.33,4.1394965010246985,0.004194663864450772,11.398577002072424,-0.0016815519484908632,1.8484064269519338,0.9043280666696061,0.0184513317135146,3.8085923866378586,0.0008201347761328462,3.4217408477156073,-0.0006920020023864096,0.11379083209760328,1.4855842337618859,0.0058420097608974,4.6837520004608875,14.126759243411653,1.9097672308795155,1.1372957159765065,1000000000000.0,2.535511612952959,56.42276408420118,0.4561179580539465,1.2506696581840515,100000000000.0,3.773819340771521e+16,27468977702939.543,0.9811176211790685,1.7654356752613773
oneD_v2_peak_R_6cc35ae8ac83aebc,oneD_v2_fracture_option_bank_v1,Peak,oneD_v2_peak_dbtt_R_v1,v913_zeroD_sobol_0242980,SOBOL_LOCAL_MATERIAL,V913_ACTIVE_CANDIDATE_29,29,"{""Tref_K"":481.33,""c_blunt"":1.1678432218199586,""cleave_G00_eV"":2.99284006175382,""cleave_exp_a"":0.8830513165876996,""cleave_exp_n"":1.8165126755148548,""cleave_floor_frac"":0.0184513317135146,""cleave_gT_eV_per_K"":0.004821480922456253,""cleave_sT_GPa_per_K"":-0.0014813036194871092,""cleave_sigc0_GPa"":11.064442613147422,""emit_G00_eV"":1.354562288100843,""emit_exp_a"":0.11975195875369915,""emit_exp_n"":1.6015282079734219,""emit_floor_frac"":0.0058420097608974,""emit_gT_eV_per_K"":0.0023177202431400885,""emit_sT_GPa_per_K"":-0.0007785546163023313,""emit_sigc0_GPa"":10.40395337999603,""peierls_H0_eV"":5.746829366404026,""peierls_activation_entropy_kB"":3.464159889577431,""peierls_exp_a"":1.9097672308795155,""peierls_exp_n"":1.1372957159765065,""peierls_nu0_s"":1000000000000.0,""rho_source0_m2"":2.3544447322478596e+16,""taylor_H0_eV"":2.6670025492569835,""taylor_activation_entropy_kB"":26.819654910720267,""taylor_corr_rho_c_m2"":113022503433118.98,""taylor_corr_scale"":1.112096331993588,""taylor_exp_a"":0.4561179580539465,""taylor_exp_n"":1.2506696581840515,""taylor_nu0_s"":100000000000.0}",6cc35ae8ac83aebcd2ba2422640f888745d3e28ee7e9191f1992a37bbe8d0f50,5045feed8c87440676c580fe7f74989be4c4a995,04e21d940c5920f48d0f8dbc722900dfd4f6578b,04e21d940c5920f48d0f8dbc722900dfd4f6578b,119e8906d3c8166ad7b64e741d4cb09fc56f7bf46a98d6164fddc7d65e23270b,CURATED_OPTION|PARETO_NEAR_FRONT,CURATED_OPTION|DIVERSE_PARETO|LOW_BLUNTING,NOT_RUN,[],False,NOT_EVALUATED,Peak,NOT_ASSIGNED_BY_THIS_FRACTURE_SCREEN,TARGET_CLASS_CONDITIONAL_NOT_PROBABILISTIC,"{""completion_domain_objective"":0.0,""control_onset_deviation_objective"":1.1875860367857514,""final_avalanche_objective"":0.0,""precursor_topology_objective"":2.0,""process_zone_state_objective"":0.0,""provider_robustness_objective"":0.014196812997068,""reinitiation_objective"":0.2,""temperature_class_objective"":2.4196796728778778}",NONE_RECORDED,OBSERVED_AVALANCHES_1_TO_1;REINITIATIONS_0_TO_0,OBSERVED_AVALANCHES_1_TO_1;REINITIATIONS_0_TO_0,0.10435443231516392,AGREE_ALL_COMMON_TEMPERATURES,QUALITATIVE_TREND_AGREEMENT,84.29369324340894,72.20987839727101,101.44138603322135,0.0,0.0,1.0,12.359194402276795,16.540110946761075,SCREENED_TRADEOFF,481.33,2.99284006175382,0.004821480922456253,11.064442613147422,-0.0014813036194871092,0.8830513165876996,1.8165126755148548,0.0184513317135146,1.354562288100843,0.0023177202431400885,10.40395337999603,-0.0007785546163023313,0.11975195875369915,1.6015282079734219,0.0058420097608974,5.746829366404026,3.464159889577431,1.9097672308795155,1.1372957159765065,1000000000000.0,2.6670025492569835,26.819654910720267,0.4561179580539465,1.2506696581840515,100000000000.0,2.3544447322478596e+16,113022503433118.98,1.112096331993588,1.1678432218199586
oneD_v2_peak_R_7834115ae79cd559,oneD_v2_fracture_option_bank_v1,Peak,oneD_v2_peak_dbtt_R_v1,v913_zeroD_sobol_0242980,SOBOL_LOCAL_MATERIAL,V913_ACTIVE_CANDIDATE_29,29,"{""Tref_K"":481.33,""c_blunt"":4.8575789443790285,""cleave_G00_eV"":5.229743009052955,""cleave_exp_a"":1.1649718307276258,""cleave_exp_n"":1.5895617018409476,""cleave_floor_frac"":0.0184513317135146,""cleave_gT_eV_per_K"":0.012122386939637788,""cleave_sT_GPa_per_K"":-0.002295485301005447,""cleave_sigc0_GPa"":11.217966442434385,""emit_G00_eV"":2.0174018455772673,""emit_exp_a"":0.13173668199687907,""emit_exp_n"":1.1080757313735077,""emit_floor_frac"":0.0058420097608974,""emit_gT_eV_per_K"":0.00018808904415358184,""emit_sT_GPa_per_K"":0.0020977653692033616,""emit_sigc0_GPa"":9.784718038631057,""peierls_H0_eV"":6.467184611153244,""peierls_activation_entropy_kB"":13.574169270193934,""peierls_exp_a"":1.9097672308795155,""peierls_exp_n"":1.1372957159765065,""peierls_nu0_s"":1000000000000.0,""rho_source0_m2"":6831991814241943.0,""taylor_H0_eV"":2.753559512399223,""taylor_activation_entropy_kB"":38.14622833680444,""taylor_corr_rho_c_m2"":53665734129386.54,""taylor_corr_scale"":0.7266810540381293,""taylor_exp_a"":0.4561179580539465,""taylor_exp_n"":1.2506696581840515,""taylor_nu0_s"":100000000000.0}",7834115ae79cd5599062495367866062658f85c02160a079d50b6ce39104d6f6,5045feed8c87440676c580fe7f74989be4c4a995,04e21d940c5920f48d0f8dbc722900dfd4f6578b,04e21d940c5920f48d0f8dbc722900dfd4f6578b,119e8906d3c8166ad7b64e741d4cb09fc56f7bf46a98d6164fddc7d65e23270b,CURATED_OPTION|PARETO_NONDOMINATED,CURATED_OPTION|DIVERSE_PARETO,NOT_RUN,[],False,NOT_EVALUATED,Peak,NOT_ASSIGNED_BY_THIS_FRACTURE_SCREEN,TARGET_CLASS_CONDITIONAL_NOT_PROBABILISTIC,"{""completion_domain_objective"":0.0,""control_onset_deviation_objective"":2.2473235509208855,""final_avalanche_objective"":0.0,""precursor_topology_objective"":1.0,""process_zone_state_objective"":0.0,""provider_robustness_objective"":0.6762275011092249,""reinitiation_objective"":0.1,""temperature_class_objective"":0.0}",NONE_RECORDED,OBSERVED_AVALANCHES_1_TO_1;REINITIATIONS_0_TO_0,OBSERVED_AVALANCHES_1_TO_4;REINITIATIONS_0_TO_3,0.13175461192652568,PROVIDER_SENSITIVE_TOPOLOGY,QUALITATIVE_TREND_AGREEMENT,160.47524131183016,40.45803782180127,227.20435071869713,0.7013199377259766,0.46296296296296297,0.8636363636363636,292.1220299814958,41.056773321434925,SCREENED_TRADEOFF,481.33,5.229743009052955,0.012122386939637788,11.217966442434385,-0.002295485301005447,1.1649718307276258,1.5895617018409476,0.0184513317135146,2.0174018455772673,0.00018808904415358184,9.784718038631057,0.0020977653692033616,0.13173668199687907,1.1080757313735077,0.0058420097608974,6.467184611153244,13.574169270193934,1.9097672308795155,1.1372957159765065,1000000000000.0,2.753559512399223,38.14622833680444,0.4561179580539465,1.2506696581840515,100000000000.0,6831991814241943.0,53665734129386.54,0.7266810540381293,4.8575789443790285
oneD_v2_peak_R_85d5f262ec40ffe0,oneD_v2_fracture_option_bank_v1,Peak,oneD_v2_peak_dbtt_R_v1,v913_zeroD_sobol_0242980|v913_zeroD_sobol_0009771,ARCHIVED_MORPH_0.50,V913_ACTIVE_CANDIDATE_29,29,"{""Tref_K"":481.33,""c_blunt"":2.16697798437459,""cleave_G00_eV"":3.7537477201761513,""cleave_exp_a"":1.082668606614437,""cleave_exp_n"":1.643635275783392,""cleave_floor_frac"":0.0184513317135146,""cleave_gT_eV_per_K"":0.00478281823382705,""cleave_sT_GPa_per_K"":0.0006798907923512501,""cleave_sigc0_GPa"":7.5313792318998365,""emit_G00_eV"":3.1160124652324295,""emit_exp_a"":0.26340859737873684,""emit_exp_n"":0.9180774364593164,""emit_floor_frac"":0.0058420097608974,""emit_gT_eV_per_K"":0.0025035802442579997,""emit_sT_GPa_per_K"":-0.0029975004065782,""emit_sigc0_GPa"":5.682307647423972,""peierls_H0_eV"":5.999614829658793,""peierls_activation_entropy_kB"":-12.563259582966566,""peierls_exp_a"":1.9097672308795155,""peierls_exp_n"":1.1372957159765065,""peierls_nu0_s"":1000000000000.0,""rho_source0_m2"":1300386551866334.0,""taylor_H0_eV"":1.2687723393501567,""taylor_activation_entropy_kB"":23.874286115169525,""taylor_corr_rho_c_m2"":48948685881728.13,""taylor_corr_scale"":0.8941024065775315,""taylor_exp_a"":0.4561179580539465,""taylor_exp_n"":1.2506696581840515,""taylor_nu0_s"":100000000000.0}",85d5f262ec40ffe0a05a5fcbab73b23933146d51da869239e7cb54a936228fa5,5045feed8c87440676c580fe7f74989be4c4a995,04e21d940c5920f48d0f8dbc722900dfd4f6578b,04e21d940c5920f48d0f8dbc722900dfd4f6578b,119e8906d3c8166ad7b64e741d4cb09fc56f7bf46a98d6164fddc7d65e23270b,CURATED_OPTION|PARETO_NEAR_FRONT,CURATED_OPTION|DIVERSE_PARETO,NOT_RUN,[],False,NOT_EVALUATED,Peak,NOT_ASSIGNED_BY_THIS_FRACTURE_SCREEN,TARGET_CLASS_CONDITIONAL_NOT_PROBABILISTIC,"{""completion_domain_objective"":0.0,""control_onset_deviation_objective"":0.8843614001941488,""final_avalanche_objective"":0.0,""precursor_topology_objective"":2.0,""process_zone_state_objective"":0.0,""provider_robustness_objective"":0.0293279899383041,""reinitiation_objective"":0.2,""temperature_class_objective"":2.2826098811486073}",NONE_RECORDED,OBSERVED_AVALANCHES_1_TO_1;REINITIATIONS_0_TO_0,OBSERVED_AVALANCHES_1_TO_1;REINITIATIONS_0_TO_0,0.731687768379641,AGREE_ALL_COMMON_TEMPERATURES,PROVIDER_SENSITIVE_TREND,33.44772815074923,23.6063503766117,42.66327699948515,0.0,0.0,1.0,24.766738229071667,17.56361176379531,SCREENED_TRADEOFF,481.33,3.7537477201761513,0.00478281823382705,7.5313792318998365,0.0006798907923512501,1.082668606614437,1.643635275783392,0.0184513317135146,3.1160124652324295,0.0025035802442579997,5.682307647423972,-0.0029975004065782,0.26340859737873684,0.9180774364593164,0.0058420097608974,5.999614829658793,-12.563259582966566,1.9097672308795155,1.1372957159765065,1000000000000.0,1.2687723393501567,23.874286115169525,0.4561179580539465,1.2506696581840515,100000000000.0,1300386551866334.0,48948685881728.13,0.8941024065775315,2.16697798437459
oneD_v2_peak_R_a2e923a7587543db,oneD_v2_fracture_option_bank_v1,Peak,oneD_v2_peak_dbtt_R_v1,v913_zeroD_sobol_0242980,SOBOL_LOCAL_MATERIAL,V913_ACTIVE_CANDIDATE_29,29,"{""Tref_K"":481.33,""c_blunt"":5.904674826579676,""cleave_G00_eV"":4.685697034687443,""cleave_exp_a"":1.7374266783976555,""cleave_exp_n"":0.9652009661738176,""cleave_floor_frac"":0.0184513317135146,""cleave_gT_eV_per_K"":0.005261224687485825,""cleave_sT_GPa_per_K"":-0.0004155816383947564,""cleave_sigc0_GPa"":10.126514872352045,""emit_G00_eV"":1.779272664671439,""emit_exp_a"":0.10148723262622615,""emit_exp_n"":1.7905253638738974,""emit_floor_frac"":0.0058420097608974,""emit_gT_eV_per_K"":0.001039171776829765,""emit_sT_GPa_per_K"":0.0004645084640458152,""emit_sigc0_GPa"":5.078440425624909,""peierls_H0_eV"":7.69226941727475,""peierls_activation_entropy_kB"":20.13200723062293,""peierls_exp_a"":1.9097672308795155,""peierls_exp_n"":1.1372957159765065,""peierls_nu0_s"":1000000000000.0,""rho_source0_m2"":3.1256573429900224e+16,""taylor_H0_eV"":2.7178814386658514,""taylor_activation_entropy_kB"":46.288687118728674,""taylor_corr_rho_c_m2"":142015042562784.0,""taylor_corr_scale"":0.637105649605775,""taylor_exp_a"":0.4561179580539465,""taylor_exp_n"":1.2506696581840515,""taylor_nu0_s"":100000000000.0}",a2e923a7587543dbcc24cd621145bbf3a6f2ba2c749a6bbd9c454558726210d2,5045feed8c87440676c580fe7f74989be4c4a995,04e21d940c5920f48d0f8dbc722900dfd4f6578b,04e21d940c5920f48d0f8dbc722900dfd4f6578b,119e8906d3c8166ad7b64e741d4cb09fc56f7bf46a98d6164fddc7d65e23270b,CURATED_OPTION|PARETO_NONDOMINATED,CURATED_OPTION|DIVERSE_PARETO|HIGH_BACKSTRESS,NOT_RUN,[],False,NOT_EVALUATED,Peak,NOT_ASSIGNED_BY_THIS_FRACTURE_SCREEN,TARGET_CLASS_CONDITIONAL_NOT_PROBABILISTIC,"{""completion_domain_objective"":0.0,""control_onset_deviation_objective"":1.3185860703919503,""final_avalanche_objective"":0.0,""precursor_topology_objective"":1.0,""process_zone_state_objective"":0.0,""provider_robustness_objective"":0.6867244595556822,""reinitiation_objective"":0.1005927791695187,""temperature_class_objective"":0.0}",NONE_RECORDED,OBSERVED_AVALANCHES_1_TO_1;REINITIATIONS_0_TO_0,OBSERVED_AVALANCHES_1_TO_4;REINITIATIONS_0_TO_3,0.11103022520981419,PROVIDER_SENSITIVE_TOPOLOGY,QUALITATIVE_TREND_AGREEMENT,87.36118839436752,32.60024119298187,111.23301117689728,0.6623774731040721,0.46296296296296297,0.8636363636363636,530.8056735476414,50.23202287696896,SCREENED_TRADEOFF,481.33,4.685697034687443,0.005261224687485825,10.126514872352045,-0.0004155816383947564,1.7374266783976555,0.9652009661738176,0.0184513317135146,1.779272664671439,0.001039171776829765,5.078440425624909,0.0004645084640458152,0.10148723262622615,1.7905253638738974,0.0058420097608974,7.69226941727475,20.13200723062293,1.9097672308795155,1.1372957159765065,1000000000000.0,2.7178814386658514,46.288687118728674,0.4561179580539465,1.2506696581840515,100000000000.0,3.1256573429900224e+16,142015042562784.0,0.637105649605775,5.904674826579676
oneD_v2_peak_R_a594e39b2e235657,oneD_v2_fracture_option_bank_v1,Peak,oneD_v2_peak_dbtt_R_v1,v913_zeroD_sobol_0242980,SOBOL_LOCAL_MATERIAL,V913_ACTIVE_CANDIDATE_29,29,"{""Tref_K"":481.33,""c_blunt"":4.527984846645759,""cleave_G00_eV"":6.930587858964625,""cleave_exp_a"":1.555036014183823,""cleave_exp_n"":0.9019394784730775,""cleave_floor_frac"":0.0184513317135146,""cleave_gT_eV_per_K"":0.007101365849377679,""cleave_sT_GPa_per_K"":-0.0019394349817065304,""cleave_sigc0_GPa"":6.205042952764243,""emit_G00_eV"":1.3351370631587105,""emit_exp_a"":0.0746579314464151,""emit_exp_n"":1.2572635333261204,""emit_floor_frac"":0.0058420097608974,""emit_gT_eV_per_K"":0.00045522995053274906,""emit_sT_GPa_per_K"":0.002215293771834696,""emit_sigc0_GPa"":14.431623017910852,""peierls_H0_eV"":10.279377782557875,""peierls_activation_entropy_kB"":4.9915671412703055,""peierls_exp_a"":1.9097672308795155,""peierls_exp_n"":1.1372957159765065,""peierls_nu0_s"":1000000000000.0,""rho_source0_m2"":1.910924695690996e+16,""taylor_H0_eV"":1.8412670728497529,""taylor_activation_entropy_kB"":32.161631120898875,""taylor_corr_rho_c_m2"":47286800589655.96,""taylor_corr_scale"":1.6235985269382933,""taylor_exp_a"":0.4561179580539465,""taylor_exp_n"":1.2506696581840515,""taylor_nu0_s"":100000000000.0}",a594e39b2e23565733dad4392372ad366f503096481b114ff290b1adaa948350,5045feed8c87440676c580fe7f74989be4c4a995,04e21d940c5920f48d0f8dbc722900dfd4f6578b,04e21d940c5920f48d0f8dbc722900dfd4f6578b,119e8906d3c8166ad7b64e741d4cb09fc56f7bf46a98d6164fddc7d65e23270b,CURATED_OPTION|PARETO_NEAR_FRONT,CURATED_OPTION|DIVERSE_PARETO,NOT_RUN,[],False,NOT_EVALUATED,Peak,NOT_ASSIGNED_BY_THIS_FRACTURE_SCREEN,TARGET_CLASS_CONDITIONAL_NOT_PROBABILISTIC,"{""completion_domain_objective"":0.0,""control_onset_deviation_objective"":0.7125624752613904,""final_avalanche_objective"":0.0,""precursor_topology_objective"":2.0,""process_zone_state_objective"":0.0,""provider_robustness_objective"":0.0252413314623879,""reinitiation_objective"":0.2,""temperature_class_objective"":3.040136991234755}",NONE_RECORDED,OBSERVED_AVALANCHES_1_TO_1;REINITIATIONS_0_TO_0,OBSERVED_AVALANCHES_1_TO_1;REINITIATIONS_0_TO_0,0.0598015785828263,AGREE_ALL_COMMON_TEMPERATURES,QUALITATIVE_TREND_AGREEMENT,58.15366197070146,40.346561566465255,82.57030663382336,0.0,0.0,1.0,34.39957615612207,14.403729195893641,SCREENED_TRADEOFF,481.33,6.930587858964625,0.007101365849377679,6.205042952764243,-0.0019394349817065304,1.555036014183823,0.9019394784730775,0.0184513317135146,1.3351370631587105,0.00045522995053274906,14.431623017910852,0.002215293771834696,0.0746579314464151,1.2572635333261204,0.0058420097608974,10.279377782557875,4.9915671412703055,1.9097672308795155,1.1372957159765065,1000000000000.0,1.8412670728497529,32.161631120898875,0.4561179580539465,1.2506696581840515,100000000000.0,1.910924695690996e+16,47286800589655.96,1.6235985269382933,4.527984846645759
oneD_v2_peak_R_d2109bdcd0ca68b8,oneD_v2_fracture_option_bank_v1,Peak,oneD_v2_peak_dbtt_R_v1,v913_zeroD_sobol_0242980,SOBOL_LOCAL_MATERIAL,V913_ACTIVE_CANDIDATE_29,29,"{""Tref_K"":481.33,""c_blunt"":5.9815819700926465,""cleave_G00_eV"":3.547643362802959,""cleave_exp_a"":0.9340810621900958,""cleave_exp_n"":1.2603199734567958,""cleave_floor_frac"":0.0184513317135146,""cleave_gT_eV_per_K"":0.01040305625011934,""cleave_sT_GPa_per_K"":-0.002459814736415368,""cleave_sigc0_GPa"":10.189895593432835,""emit_G00_eV"":1.6457166436534376,""emit_exp_a"":0.09727104533695317,""emit_exp_n"":1.0848007856615667,""emit_floor_frac"":0.0058420097608974,""emit_gT_eV_per_K"":-0.00031222909675112623,""emit_sT_GPa_per_K"":-0.0002413321001306886,""emit_sigc0_GPa"":6.7930424456876155,""peierls_H0_eV"":9.520553597814146,""peierls_activation_entropy_kB"":15.775628184007289,""peierls_exp_a"":1.9097672308795155,""peierls_exp_n"":1.1372957159765065,""peierls_nu0_s"":1000000000000.0,""rho_source0_m2"":7300014029142557.0,""taylor_H0_eV"":1.5464247373013822,""taylor_activation_entropy_kB"":49.74436759291882,""taylor_corr_rho_c_m2"":46359709240369.39,""taylor_corr_scale"":1.4332407849533835,""taylor_exp_a"":0.4561179580539465,""taylor_exp_n"":1.2506696581840515,""taylor_nu0_s"":100000000000.0}",d2109bdcd0ca68b8249351970fc58bb780ae75a54d649767ed7dca5260766819,5045feed8c87440676c580fe7f74989be4c4a995,04e21d940c5920f48d0f8dbc722900dfd4f6578b,04e21d940c5920f48d0f8dbc722900dfd4f6578b,119e8906d3c8166ad7b64e741d4cb09fc56f7bf46a98d6164fddc7d65e23270b,CURATED_OPTION|PARETO_NEAR_FRONT,CURATED_OPTION|DIVERSE_PARETO|HIGH_ONSET,NOT_RUN,[],False,NOT_EVALUATED,Peak,NOT_ASSIGNED_BY_THIS_FRACTURE_SCREEN,TARGET_CLASS_CONDITIONAL_NOT_PROBABILISTIC,"{""completion_domain_objective"":0.0,""control_onset_deviation_objective"":3.3506535947907654,""final_avalanche_objective"":0.0,""precursor_topology_objective"":1.0,""process_zone_state_objective"":0.0,""provider_robustness_objective"":0.3006167406365146,""reinitiation_objective"":0.1,""temperature_class_objective"":1.1686958003864791}",NONE_RECORDED,OBSERVED_AVALANCHES_1_TO_1;REINITIATIONS_0_TO_0,OBSERVED_AVALANCHES_1_TO_2;REINITIATIONS_0_TO_1,0.05639427197221213,PROVIDER_SENSITIVE_TOPOLOGY,QUALITATIVE_TREND_AGREEMENT,247.96168109440987,222.79535817330853,280.1877776830255,0.11460528783818934,0.375,0.9473684210526315,111.58061805505213,22.802832941015307,SCREENED_TRADEOFF,481.33,3.547643362802959,0.01040305625011934,10.189895593432835,-0.002459814736415368,0.9340810621900958,1.2603199734567958,0.0184513317135146,1.6457166436534376,-0.00031222909675112623,6.7930424456876155,-0.0002413321001306886,0.09727104533695317,1.0848007856615667,0.0058420097608974,9.520553597814146,15.775628184007289,1.9097672308795155,1.1372957159765065,1000000000000.0,1.5464247373013822,49.74436759291882,0.4561179580539465,1.2506696581840515,100000000000.0,7300014029142557.0,46359709240369.39,1.4332407849533835,5.9815819700926465
oneD_v2_peak_R_f4c5e5fb2fe43d83,oneD_v2_fracture_option_bank_v1,Peak,oneD_v2_peak_dbtt_R_v1,v913_zeroD_sobol_0242980,SOBOL_LOCAL_MATERIAL,V913_ACTIVE_CANDIDATE_29,29,"{""Tref_K"":481.33,""c_blunt"":5.844567042962362,""cleave_G00_eV"":5.784672133203624,""cleave_exp_a"":1.5279479146508368,""cleave_exp_n"":1.7321586406784923,""cleave_floor_frac"":0.0184513317135146,""cleave_gT_eV_per_K"":0.004757937327012645,""cleave_sT_GPa_per_K"":-0.0024163029318324293,""cleave_sigc0_GPa"":12.04896777365252,""emit_G00_eV"":1.4386153347717592,""emit_exp_a"":0.08019195248153288,""emit_exp_n"":0.7295251341750926,""emit_floor_frac"":0.0058420097608974,""emit_gT_eV_per_K"":-0.0007268783103453744,""emit_sT_GPa_per_K"":0.0035698300044566655,""emit_sigc0_GPa"":3.678148478030077,""peierls_H0_eV"":4.373387163069165,""peierls_activation_entropy_kB"":22.836857151504972,""peierls_exp_a"":1.9097672308795155,""peierls_exp_n"":1.1372957159765065,""peierls_nu0_s"":1000000000000.0,""rho_source0_m2"":1.595444241037628e+16,""taylor_H0_eV"":1.1377667825848317,""taylor_activation_entropy_kB"":18.14508599767631,""taylor_corr_rho_c_m2"":81621033185138.11,""taylor_corr_scale"":0.8334662528329115,""taylor_exp_a"":0.4561179580539465,""taylor_exp_n"":1.2506696581840515,""taylor_nu0_s"":100000000000.0}",f4c5e5fb2fe43d835d6a5c84f5488eab7eb056c04f6b5f1906a6a777644d0a84,5045feed8c87440676c580fe7f74989be4c4a995,04e21d940c5920f48d0f8dbc722900dfd4f6578b,04e21d940c5920f48d0f8dbc722900dfd4f6578b,119e8906d3c8166ad7b64e741d4cb09fc56f7bf46a98d6164fddc7d65e23270b,CURATED_OPTION|PARETO_NEAR_FRONT,CURATED_OPTION|DIVERSE_PARETO|HIGH_PRECURSOR_COUNT|LOW_FINAL_AVALANCHE_FRACTION,NOT_RUN,[],False,NOT_EVALUATED,Peak,NOT_ASSIGNED_BY_THIS_FRACTURE_SCREEN,TARGET_CLASS_CONDITIONAL_NOT_PROBABILISTIC,"{""completion_domain_objective"":0.0,""control_onset_deviation_objective"":2.370021541194778,""final_avalanche_objective"":0.0,""precursor_topology_objective"":1.0,""process_zone_state_objective"":0.0,""provider_robustness_objective"":0.3927150794775139,""reinitiation_objective"":0.1,""temperature_class_objective"":2.703120247302487}",NONE_RECORDED,OBSERVED_AVALANCHES_1_TO_2;REINITIATIONS_0_TO_1,OBSERVED_AVALANCHES_2_TO_2;REINITIATIONS_1_TO_1,0.14581498296427486,PROVIDER_SENSITIVE_TOPOLOGY,QUALITATIVE_TREND_AGREEMENT,153.9392255130552,114.53617540518667,206.75691123053292,0.5173899302202615,0.625,0.9473684210526315,75.5729922670703,18.94400568076295,SCREENED_TRADEOFF,481.33,5.784672133203624,0.004757937327012645,12.04896777365252,-0.0024163029318324293,1.5279479146508368,1.7321586406784923,0.0184513317135146,1.4386153347717592,-0.0007268783103453744,3.678148478030077,0.0035698300044566655,0.08019195248153288,0.7295251341750926,0.0058420097608974,4.373387163069165,22.836857151504972,1.9097672308795155,1.1372957159765065,1000000000000.0,1.1377667825848317,18.14508599767631,0.4561179580539465,1.2506696581840515,100000000000.0,1.595444241037628e+16,81621033185138.11,0.8334662528329115,5.844567042962362
v913_zeroD_sobol_0242980,oneD_v2_fracture_option_bank_v1,Peak,oneD_v2_peak_dbtt_R_v1,v913_zeroD_sobol_0242980,HISTORICAL_CONTROL,V913_ACTIVE_CANDIDATE_29,29,"{""Tref_K"":481.33,""c_blunt"":2.687256144359708,""cleave_G00_eV"":4.011803912930191,""cleave_exp_a"":1.3227705595549195,""cleave_exp_n"":1.2558047282509506,""cleave_floor_frac"":0.0184513317135146,""cleave_gT_eV_per_K"":0.0081468212408944,""cleave_sT_GPa_per_K"":-0.0012099820682778,""cleave_sigc0_GPa"":7.349638969637454,""emit_G00_eV"":2.0446315124630927,""emit_exp_a"":0.0858719444833695,""emit_exp_n"":1.1423492641188204,""emit_floor_frac"":0.0058420097608974,""emit_gT_eV_per_K"":0.000941995373927,""emit_sT_GPa_per_K"":0.0013325903080403,""emit_sigc0_GPa"":7.205215461552143,""peierls_H0_eV"":6.368386985268444,""peierls_activation_entropy_kB"":12.2265643812716,""peierls_exp_a"":1.9097672308795155,""peierls_exp_n"":1.1372957159765065,""peierls_nu0_s"":1000000000000.0,""rho_source0_m2"":1.4102520844479966e+16,""taylor_H0_eV"":1.6986502355337143,""taylor_activation_entropy_kB"":38.45378890633583,""taylor_corr_rho_c_m2"":58780073970578.01,""taylor_corr_scale"":0.8638954413677038,""taylor_exp_a"":0.4561179580539465,""taylor_exp_n"":1.2506696581840515,""taylor_nu0_s"":100000000000.0}",d004ea60768cfb90435d8d10f9badd180e614c0fc23950b24554b5a0b4bbe3a2,5045feed8c87440676c580fe7f74989be4c4a995,04e21d940c5920f48d0f8dbc722900dfd4f6578b,04e21d940c5920f48d0f8dbc722900dfd4f6578b,119e8906d3c8166ad7b64e741d4cb09fc56f7bf46a98d6164fddc7d65e23270b,CURATED_OPTION|CURRENT_V2_SELECTED|DIRECT_PF_VALIDATED|HISTORICAL_CONTROL|PARETO_NONDOMINATED,BALANCED|CONTROL|CURATED_OPTION|DIVERSE_PARETO,AVAILABLE_AUTHORITATIVE_TEMPERATURE_MATCHED_UNPAIRED_SEEDS,"[{""hazard_seed"": 4630, ""source_steps_file"": ""/Volumes/Data/Data/Nanopillar_calculation/PF-fracture-fatigue_v10_2_21_persistent_sites_top1/runs/1_final_v10_2_30_theta0_rate_extremes_four_class_1000um_base3621_v1/rate1x/v913_paper_peak01_0242980_persistent_sites/T600K_th0_seed4630/steps_0600K.csv"", ""source_steps_sha256"": ""6c78ce302d54db196702d0c1c2fe724f9db34635ea51a26629b2746ea95f31d9"", ""temperature_K"": 600.0}, {""hazard_seed"": 6648, ""source_steps_file"": ""/Volumes/Data/Data/Nanopillar_calculation/PF-fracture-fatigue_v10_2_21_persistent_sites_top1/runs/1_final_v10_2_30_theta0_rate_extremes_four_class_1000um_base3621_v1/rate1x/v913_paper_peak01_0242980_persistent_sites/T900K_th0_seed6648/steps_0900K.csv"", ""source_steps_sha256"": ""f1211300ce9dd73eae9356b28bef6951920eb56477499a905f4133014513cc9d"", ""temperature_K"": 900.0}, {""hazard_seed"": 12702, ""source_steps_file"": ""/Volumes/Data/Data/Nanopillar_calculation/PF-fracture-fatigue_v10_2_21_persistent_sites_top1/runs/1_final_v10_2_30_theta0_rate_extremes_four_class_1000um_base3621_v1/rate1x/v913_paper_peak01_0242980_persistent_sites/T1200K_th0_seed12702/steps_1200K.csv"", ""source_steps_sha256"": ""95ba19655a31bcbd559b331a349ebd44e6ed495345b8d7f10d2379b39961b6ce"", ""temperature_K"": 1200.0}]",False,NOT_EVALUATED,Peak,NOT_ASSIGNED_BY_THIS_FRACTURE_SCREEN,TARGET_CLASS_CONDITIONAL_NOT_PROBABILISTIC,"{""completion_domain_objective"":0.0,""control_onset_deviation_objective"":0.0,""final_avalanche_objective"":0.0,""precursor_topology_objective"":2.0,""process_zone_state_objective"":0.0,""provider_robustness_objective"":0.5938876653503011,""reinitiation_objective"":0.2,""temperature_class_objective"":0.0}",NONE_RECORDED,OBSERVED_AVALANCHES_1_TO_1;REINITIATIONS_0_TO_0,OBSERVED_AVALANCHES_1_TO_1;REINITIATIONS_0_TO_0,0.1401566398829397,AGREE_ALL_COMMON_TEMPERATURES,QUALITATIVE_TREND_AGREEMENT,44.81708799666633,22.66745289427687,58.06799072048371,0.0,0.0,1.0,26.590292656784143,16.365925457037143,SCREENED_TRADEOFF,481.33,4.011803912930191,0.0081468212408944,7.349638969637454,-0.0012099820682778,1.3227705595549195,1.2558047282509506,0.0184513317135146,2.0446315124630927,0.000941995373927,7.205215461552143,0.0013325903080403,0.0858719444833695,1.1423492641188204,0.0058420097608974,6.368386985268444,12.2265643812716,1.9097672308795155,1.1372957159765065,1000000000000.0,1.6986502355337143,38.45378890633583,0.4561179580539465,1.2506696581840515,100000000000.0,1.4102520844479966e+16,58780073970578.01,0.8638954413677038,2.687256144359708
oneD_v2_focused_ceramic_like_0018,oneD_v2_fracture_option_bank_v1,ceramic-like,oneD_v2_terminal_shared_four_class_search_v1,PRIOR_QUALIFIED_SELECTED_ROW,PRIOR_QUALIFIED_SELECTED_ROW,V913_ACTIVE_CANDIDATE_29,29,"{""Tref_K"":481.33,""c_blunt"":0.4627569415458887,""cleave_G00_eV"":3.2732801118100374,""cleave_exp_a"":1.075855059626184,""cleave_exp_n"":1.081801056664378,""cleave_floor_frac"":0.0229905830425804,""cleave_gT_eV_per_K"":0.0085807287728085,""cleave_sT_GPa_per_K"":-0.0020771049444415,""cleave_sigc0_GPa"":4.664693699713819,""emit_G00_eV"":3.190912311769754,""emit_exp_a"":0.4336954653273704,""emit_exp_n"":0.7408434090700092,""emit_floor_frac"":0.0083827769047892,""emit_gT_eV_per_K"":-0.0024371969176853,""emit_sT_GPa_per_K"":0.0040231639214142,""emit_sigc0_GPa"":8.737523906696637,""peierls_H0_eV"":6.584887684187858,""peierls_activation_entropy_kB"":-5.126529938628602,""peierls_exp_a"":1.4448536720126868,""peierls_exp_n"":0.79892413970083,""peierls_nu0_s"":1000000000000.0,""rho_source0_m2"":2.873857196519663e+16,""taylor_H0_eV"":1.1080059874159442,""taylor_activation_entropy_kB"":-9.27664504429909,""taylor_corr_rho_c_m2"":1.2481557292822467e+17,""taylor_corr_scale"":1.8463973059218013,""taylor_exp_a"":0.74570251586847,""taylor_exp_n"":2.2320069298148155,""taylor_nu0_s"":100000000000.0}",b1a1dc60d8c6fd62eb3b74c364fb3e42b00d7e8c19b3b9c2ec3059fff3ad7bd2,5045feed8c87440676c580fe7f74989be4c4a995,04e21d940c5920f48d0f8dbc722900dfd4f6578b,04e21d940c5920f48d0f8dbc722900dfd4f6578b,119e8906d3c8166ad7b64e741d4cb09fc56f7bf46a98d6164fddc7d65e23270b,CURATED_OPTION|CURRENT_V2_SELECTED|DIRECT_PF_VALIDATED|HISTORICAL_CONTROL,BALANCED|CONTROL|CURATED_OPTION|DIVERSE_PARETO|LOW_ONSET,PASSED_PRIOR_BOUNDED_PF_TRANSFER,"[{""pf_2D_seed"": 3008666, ""source_steps_file"": ""/private/tmp/oneD-v2-terminal-pf-transfer-runs/ceramic-like/T300K_seed3008666/steps_0300K.csv"", ""source_steps_sha256"": ""ed23da9a613c4bd5037abbfdf2cef0b457f5c7d22479aa7f23ed761b81ec8ee7"", ""temperature_K"": 300.0}, {""pf_2D_seed"": 3008666, ""source_steps_file"": ""/private/tmp/oneD-v2-terminal-pf-transfer-runs/ceramic-like/T1000K_seed3008666/steps_1000K.csv"", ""source_steps_sha256"": ""d3418acfbaec8145a113330c06956c75f89e320742a7cc1d985b326eb489c9a8"", ""temperature_K"": 1000.0}, {""pf_2D_seed"": 3008666, ""source_steps_file"": ""/private/tmp/oneD-v2-terminal-pf-transfer-runs/ceramic-like/T1200K_seed3008666/steps_1200K.csv"", ""source_steps_sha256"": ""6225f37d94fffd025904a6f00c57b6b3632119f3c37251c38fd604214d791a87"", ""temperature_K"": 1200.0}]",False,NOT_EVALUATED,ceramic-like,NOT_ASSIGNED_BY_THIS_FRACTURE_SCREEN,TARGET_CLASS_CONDITIONAL_NOT_PROBABILISTIC,{},NO_PARETO_SCORE_ROW,OBSERVED_AVALANCHES_1_TO_1;REINITIATIONS_0_TO_0,OBSERVED_AVALANCHES_1_TO_2;REINITIATIONS_0_TO_1,1.0168836492659832,PROVIDER_SENSITIVE_TOPOLOGY,QUALITATIVE_TREND_AGREEMENT,23.38402400361629,13.826244299453816,41.637627017364075,0.5169238093688634,0.2727272727272727,0.9375,5.568187557612192,16.662964031654838,SCREENED_TRADEOFF,481.33,3.2732801118100374,0.0085807287728085,4.664693699713819,-0.0020771049444415,1.075855059626184,1.081801056664378,0.0229905830425804,3.190912311769754,-0.0024371969176853,8.737523906696637,0.0040231639214142,0.4336954653273704,0.7408434090700092,0.0083827769047892,6.584887684187858,-5.126529938628602,1.4448536720126868,0.79892413970083,1000000000000.0,1.1080059874159442,-9.27664504429909,0.74570251586847,2.2320069298148155,100000000000.0,2.873857196519663e+16,1.2481557292822467e+17,1.8463973059218013,0.4627569415458887
oneD_v2_terminal_ceramic_like_0004,oneD_v2_fracture_option_bank_v1,ceramic-like,oneD_v2_terminal_shared_four_class_search_v1,v913_zeroD_sobol_0077080,SOBOL_LOCAL_SHARED_TWO_PROVIDER,V913_ACTIVE_CANDIDATE_29,29,"{""Tref_K"":481.33,""c_blunt"":0.24674620697223018,""cleave_G00_eV"":2.2255737292885707,""cleave_exp_a"":2.163705655578973,""cleave_exp_n"":0.9793617250388408,""cleave_floor_frac"":0.0436070518879531,""cleave_gT_eV_per_K"":0.01322718040822771,""cleave_sT_GPa_per_K"":-0.0013913161611545175,""cleave_sigc0_GPa"":3.2525370008708827,""emit_G00_eV"":5.783437066293335,""emit_exp_a"":0.33211953900716,""emit_exp_n"":0.8118218552456304,""emit_floor_frac"":0.0228240380649044,""emit_gT_eV_per_K"":-0.0028792926295544054,""emit_sT_GPa_per_K"":0.015124056466573551,""emit_sigc0_GPa"":16.410402177462576,""peierls_H0_eV"":8.035264584819801,""peierls_activation_entropy_kB"":-57.351541893328545,""peierls_exp_a"":1.178178071556613,""peierls_exp_n"":1.0056940987706184,""peierls_nu0_s"":1000000000000.0,""rho_source0_m2"":824413589807.0903,""taylor_H0_eV"":0.976694842368948,""taylor_activation_entropy_kB"":-44.36882860551798,""taylor_corr_rho_c_m2"":3.825234241942724e+16,""taylor_corr_scale"":1.27778044713998,""taylor_exp_a"":1.0212089663371444,""taylor_exp_n"":0.599093577126041,""taylor_nu0_s"":100000000000.0}",a3b729c8733643b03a1cc72b8abec9d6b3f43595826524c4eed7a823ed4eb5af,5045feed8c87440676c580fe7f74989be4c4a995,04e21d940c5920f48d0f8dbc722900dfd4f6578b,04e21d940c5920f48d0f8dbc722900dfd4f6578b,119e8906d3c8166ad7b64e741d4cb09fc56f7bf46a98d6164fddc7d65e23270b,CURATED_OPTION|PARETO_NONDOMINATED,CURATED_OPTION|DIVERSE_PARETO|LOW_BACKSTRESS,NOT_RUN,[],False,NOT_EVALUATED,ceramic-like,NOT_ASSIGNED_BY_THIS_FRACTURE_SCREEN,TARGET_CLASS_CONDITIONAL_NOT_PROBABILISTIC,"{""avalanche_size_objective"":0.09999999999999998,""class_trend_objective"":3.8938809872017797,""completion_objective"":0.0,""onset_scale_objective"":1.6566266470617852,""physical_topology_objective"":2.5774905268729813,""precursor_objective"":2.0,""provider_robustness_objective"":2.0600526342809746,""state_realism_objective"":0.0}",NONE_RECORDED,OBSERVED_AVALANCHES_1_TO_1;REINITIATIONS_0_TO_0,OBSERVED_AVALANCHES_3_TO_3;REINITIATIONS_2_TO_2,330839236.000611,PROVIDER_SENSITIVE_TOPOLOGY,QUALITATIVE_TREND_AGREEMENT,36.213081124734536,4.733254533197337e-08,70.22360636739515,0.8972654325922901,1.0,0.9,2.4005569420362556,12.634827126090292,SCREENED_TRADEOFF,481.33,2.2255737292885707,0.01322718040822771,3.2525370008708827,-0.0013913161611545175,2.163705655578973,0.9793617250388408,0.0436070518879531,5.783437066293335,-0.0028792926295544054,16.410402177462576,0.015124056466573551,0.33211953900716,0.8118218552456304,0.0228240380649044,8.035264584819801,-57.351541893328545,1.178178071556613,1.0056940987706184,1000000000000.0,0.976694842368948,-44.36882860551798,1.0212089663371444,0.599093577126041,100000000000.0,824413589807.0903,3.825234241942724e+16,1.27778044713998,0.24674620697223018
oneD_v2_terminal_ceramic_like_0006,oneD_v2_fracture_option_bank_v1,ceramic-like,oneD_v2_terminal_shared_four_class_search_v1,v913_zeroD_sobol_0077080,SOBOL_LOCAL_SHARED_TWO_PROVIDER,V913_ACTIVE_CANDIDATE_29,29,"{""Tref_K"":481.33,""c_blunt"":0.19027228314669814,""cleave_G00_eV"":7.017625235718626,""cleave_exp_a"":0.9904565748507402,""cleave_exp_n"":1.3973238227070535,""cleave_floor_frac"":0.0436070518879531,""cleave_gT_eV_per_K"":0.010636103712944975,""cleave_sT_GPa_per_K"":-0.0018936444290873534,""cleave_sigc0_GPa"":2.605175203095224,""emit_G00_eV"":3.932911544673566,""emit_exp_a"":0.4536524312271113,""emit_exp_n"":0.4486968198490796,""emit_floor_frac"":0.0228240380649044,""emit_gT_eV_per_K"":-0.002273531981783761,""emit_sT_GPa_per_K"":0.005453009829483624,""emit_sigc0_GPa"":5.728038839559781,""peierls_H0_eV"":9.898397261013285,""peierls_activation_entropy_kB"":-71.61563547198435,""peierls_exp_a"":1.178178071556613,""peierls_exp_n"":1.0056940987706184,""peierls_nu0_s"":1000000000000.0,""rho_source0_m2"":1199906086160.7114,""taylor_H0_eV"":0.6074404947475033,""taylor_activation_entropy_kB"":-32.46163542174343,""taylor_corr_rho_c_m2"":1.233100235845886e+16,""taylor_corr_scale"":2.315531942365695,""taylor_exp_a"":1.0212089663371444,""taylor_exp_n"":0.599093577126041,""taylor_nu0_s"":100000000000.0}",c752cdd8cf528956a6f758d0122606864d5de06a674b48048d99206635e8b242,5045feed8c87440676c580fe7f74989be4c4a995,04e21d940c5920f48d0f8dbc722900dfd4f6578b,04e21d940c5920f48d0f8dbc722900dfd4f6578b,119e8906d3c8166ad7b64e741d4cb09fc56f7bf46a98d6164fddc7d65e23270b,CURATED_OPTION|PARETO_NONDOMINATED,CURATED_OPTION|DIVERSE_PARETO|LOW_BLUNTING,NOT_RUN,[],False,NOT_EVALUATED,ceramic-like,NOT_ASSIGNED_BY_THIS_FRACTURE_SCREEN,TARGET_CLASS_CONDITIONAL_NOT_PROBABILISTIC,"{""avalanche_size_objective"":0.09999999999999998,""class_trend_objective"":0.0,""completion_objective"":0.0,""onset_scale_objective"":2.010664059632509,""physical_topology_objective"":2.5016172241480645,""precursor_objective"":2.0,""provider_robustness_objective"":2.063335582452068,""state_realism_objective"":0.0}",NONE_RECORDED,OBSERVED_AVALANCHES_1_TO_1;REINITIATIONS_0_TO_0,OBSERVED_AVALANCHES_3_TO_3;REINITIATIONS_2_TO_2,7.003859575143706,PROVIDER_SENSITIVE_TOPOLOGY,QUALITATIVE_TREND_AGREEMENT,42.89470830458161,6.05704937672775,82.16490341941135,0.8057681246038877,1.0,0.9,11.273963678562819,38.97066875361159,SCREENED_TRADEOFF,481.33,7.017625235718626,0.010636103712944975,2.605175203095224,-0.0018936444290873534,0.9904565748507402,1.3973238227070535,0.0436070518879531,3.932911544673566,-0.002273531981783761,5.728038839559781,0.005453009829483624,0.4536524312271113,0.4486968198490796,0.0228240380649044,9.898397261013285,-71.61563547198435,1.178178071556613,1.0056940987706184,1000000000000.0,0.6074404947475033,-32.46163542174343,1.0212089663371444,0.599093577126041,100000000000.0,1199906086160.7114,1.233100235845886e+16,2.315531942365695,0.19027228314669814
oneD_v2_terminal_ceramic_like_0011,oneD_v2_fracture_option_bank_v1,ceramic-like,oneD_v2_terminal_shared_four_class_search_v1,v913_zeroD_sobol_0077080,SOBOL_LOCAL_SHARED_TWO_PROVIDER,V913_ACTIVE_CANDIDATE_29,29,"{""Tref_K"":481.33,""c_blunt"":0.4538204525135165,""cleave_G00_eV"":2.449813694262976,""cleave_exp_a"":1.1048790968608833,""cleave_exp_n"":0.8179744890327663,""cleave_floor_frac"":0.0436070518879531,""cleave_gT_eV_per_K"":0.0052457187532258835,""cleave_sT_GPa_per_K"":-0.0017223117702207117,""cleave_sigc0_GPa"":8.166792234870849,""emit_G00_eV"":2.0965363642792396,""emit_exp_a"":0.338533828013927,""emit_exp_n"":0.9961190224927607,""emit_floor_frac"":0.0228240380649044,""emit_gT_eV_per_K"":-0.005853047742047685,""emit_sT_GPa_per_K"":0.008713230710194229,""emit_sigc0_GPa"":10.215942434560587,""peierls_H0_eV"":11.154059736250952,""peierls_activation_entropy_kB"":-40.667678507597756,""peierls_exp_a"":1.178178071556613,""peierls_exp_n"":1.0056940987706184,""peierls_nu0_s"":1000000000000.0,""rho_source0_m2"":1876374030256.9636,""taylor_H0_eV"":0.6775300058942858,""taylor_activation_entropy_kB"":-23.63388575489916,""taylor_corr_rho_c_m2"":4.188692037781803e+16,""taylor_corr_scale"":0.7968696362699774,""taylor_exp_a"":1.0212089663371444,""taylor_exp_n"":0.599093577126041,""taylor_nu0_s"":100000000000.0}",0de7efc0d6d9b59f1bda3c69b0bdb10b4e0d657c1976fa106426085b5dbd5dc9,5045feed8c87440676c580fe7f74989be4c4a995,04e21d940c5920f48d0f8dbc722900dfd4f6578b,04e21d940c5920f48d0f8dbc722900dfd4f6578b,119e8906d3c8166ad7b64e741d4cb09fc56f7bf46a98d6164fddc7d65e23270b,CURATED_OPTION|PARETO_NONDOMINATED,CURATED_OPTION|DIVERSE_PARETO,NOT_RUN,[],False,NOT_EVALUATED,ceramic-like,NOT_ASSIGNED_BY_THIS_FRACTURE_SCREEN,TARGET_CLASS_CONDITIONAL_NOT_PROBABILISTIC,"{""avalanche_size_objective"":0.09999999999999998,""class_trend_objective"":2.1798250157054495,""completion_objective"":0.0,""onset_scale_objective"":3.237120388664125,""physical_topology_objective"":2.3169074079234497,""precursor_objective"":2.0,""provider_robustness_objective"":2.0658388466999797,""state_realism_objective"":0.0}",NONE_RECORDED,OBSERVED_AVALANCHES_1_TO_1;REINITIATIONS_0_TO_0,OBSERVED_AVALANCHES_3_TO_3;REINITIATIONS_2_TO_2,2.690905815007774,PROVIDER_SENSITIVE_TOPOLOGY,QUALITATIVE_TREND_AGREEMENT,63.471500825921545,24.456295348360626,102.53686143929225,0.575722368846532,1.0,0.9,24.939701300760674,38.518927652396684,SCREENED_TRADEOFF,481.33,2.449813694262976,0.0052457187532258835,8.166792234870849,-0.0017223117702207117,1.1048790968608833,0.8179744890327663,0.0436070518879531,2.0965363642792396,-0.005853047742047685,10.215942434560587,0.008713230710194229,0.338533828013927,0.9961190224927607,0.0228240380649044,11.154059736250952,-40.667678507597756,1.178178071556613,1.0056940987706184,1000000000000.0,0.6775300058942858,-23.63388575489916,1.0212089663371444,0.599093577126041,100000000000.0,1876374030256.9636,4.188692037781803e+16,0.7968696362699774,0.4538204525135165
oneD_v2_terminal_ceramic_like_0020,oneD_v2_fracture_option_bank_v1,ceramic-like,oneD_v2_terminal_shared_four_class_search_v1,v913_zeroD_sobol_0077080,SOBOL_LOCAL_SHARED_TWO_PROVIDER,V913_ACTIVE_CANDIDATE_29,29,"{""Tref_K"":481.33,""c_blunt"":0.2282905328748081,""cleave_G00_eV"":2.5248036744220137,""cleave_exp_a"":1.6693569634754721,""cleave_exp_n"":1.7440543666998793,""cleave_floor_frac"":0.0436070518879531,""cleave_gT_eV_per_K"":0.009517321552557018,""cleave_sT_GPa_per_K"":-0.0024698650776668546,""cleave_sigc0_GPa"":2.9666472158642248,""emit_G00_eV"":1.3044412567732726,""emit_exp_a"":0.36430462615998616,""emit_exp_n"":1.2619574576259343,""emit_floor_frac"":0.0228240380649044,""emit_gT_eV_per_K"":-0.001957609379473056,""emit_sT_GPa_per_K"":0.020244967499265156,""emit_sigc0_GPa"":11.878118016058085,""peierls_H0_eV"":6.250101339177547,""peierls_activation_entropy_kB"":-33.33025693602005,""peierls_exp_a"":1.178178071556613,""peierls_exp_n"":1.0056940987706184,""peierls_nu0_s"":1000000000000.0,""rho_source0_m2"":1460467380000.1567,""taylor_H0_eV"":1.2062355029420135,""taylor_activation_entropy_kB"":-45.7724662766894,""taylor_corr_rho_c_m2"":1.4995418351578912e+17,""taylor_corr_scale"":2.40404747564822,""taylor_exp_a"":1.0212089663371444,""taylor_exp_n"":0.599093577126041,""taylor_nu0_s"":100000000000.0}",0812ec649a24fbc310df417f7e5fe4aae7d45172fcab332e7a9c6ea78ab4031f,5045feed8c87440676c580fe7f74989be4c4a995,04e21d940c5920f48d0f8dbc722900dfd4f6578b,04e21d940c5920f48d0f8dbc722900dfd4f6578b,119e8906d3c8166ad7b64e741d4cb09fc56f7bf46a98d6164fddc7d65e23270b,CURATED_OPTION|PARETO_NONDOMINATED,CURATED_OPTION|DIVERSE_PARETO,NOT_RUN,[],False,NOT_EVALUATED,ceramic-like,NOT_ASSIGNED_BY_THIS_FRACTURE_SCREEN,TARGET_CLASS_CONDITIONAL_NOT_PROBABILISTIC,"{""avalanche_size_objective"":0.09999999999999998,""class_trend_objective"":0.3026210173514947,""completion_objective"":0.0,""onset_scale_objective"":1.6669496879835712,""physical_topology_objective"":2.5735058353620595,""precursor_objective"":2.0,""provider_robustness_objective"":2.0365505225912797,""state_realism_objective"":0.0}",NONE_RECORDED,OBSERVED_AVALANCHES_1_TO_1;REINITIATIONS_0_TO_0,OBSERVED_AVALANCHES_3_TO_3;REINITIATIONS_2_TO_2,14.444932519877323,PROVIDER_SENSITIVE_TOPOLOGY,QUALITATIVE_TREND_AGREEMENT,36.51155631392167,3.197510244753816,70.21182180809404,0.8478697318023042,1.0,0.9,15.645846712174468,42.47859030094994,SCREENED_TRADEOFF,481.33,2.5248036744220137,0.009517321552557018,2.9666472158642248,-0.0024698650776668546,1.6693569634754721,1.7440543666998793,0.0436070518879531,1.3044412567732726,-0.001957609379473056,11.878118016058085,0.020244967499265156,0.36430462615998616,1.2619574576259343,0.0228240380649044,6.250101339177547,-33.33025693602005,1.178178071556613,1.0056940987706184,1000000000000.0,1.2062355029420135,-45.7724662766894,1.0212089663371444,0.599093577126041,100000000000.0,1460467380000.1567,1.4995418351578912e+17,2.40404747564822,0.2282905328748081
oneD_v2_terminal_ceramic_like_0025,oneD_v2_fracture_option_bank_v1,ceramic-like,oneD_v2_terminal_shared_four_class_search_v1,v913_zeroD_sobol_0077080,SOBOL_LOCAL_SHARED_TWO_PROVIDER,V913_ACTIVE_CANDIDATE_29,29,"{""Tref_K"":481.33,""c_blunt"":0.9726245836274792,""cleave_G00_eV"":7.0779780057831845,""cleave_exp_a"":2.481925204444827,""cleave_exp_n"":1.0181428469755327,""cleave_floor_frac"":0.0436070518879531,""cleave_gT_eV_per_K"":0.006014077328639321,""cleave_sT_GPa_per_K"":-0.002263891955255316,""cleave_sigc0_GPa"":6.586083625567729,""emit_G00_eV"":5.216553224515931,""emit_exp_a"":0.45894549982622024,""emit_exp_n"":0.7027814854752983,""emit_floor_frac"":0.0228240380649044,""emit_gT_eV_per_K"":-0.005560417149523662,""emit_sT_GPa_per_K"":0.014438180387133575,""emit_sigc0_GPa"":4.91534759848842,""peierls_H0_eV"":5.917952734430224,""peierls_activation_entropy_kB"":-73.52148958106989,""peierls_exp_a"":1.178178071556613,""peierls_exp_n"":1.0056940987706184,""peierls_nu0_s"":1000000000000.0,""rho_source0_m2"":2304603850210.2695,""taylor_H0_eV"":1.3420035678634767,""taylor_activation_entropy_kB"":-16.758631660966426,""taylor_corr_rho_c_m2"":2.0853206215871256e+16,""taylor_corr_scale"":0.7399129455586655,""taylor_exp_a"":1.0212089663371444,""taylor_exp_n"":0.599093577126041,""taylor_nu0_s"":100000000000.0}",6f27c3d64a574c2977b126a2b5e09f2ffb0af797f1a49e85663bb613e5e6fe5c,5045feed8c87440676c580fe7f74989be4c4a995,04e21d940c5920f48d0f8dbc722900dfd4f6578b,04e21d940c5920f48d0f8dbc722900dfd4f6578b,119e8906d3c8166ad7b64e741d4cb09fc56f7bf46a98d6164fddc7d65e23270b,CURATED_OPTION|PARETO_NONDOMINATED,CURATED_OPTION|DIVERSE_PARETO,NOT_RUN,[],False,NOT_EVALUATED,ceramic-like,NOT_ASSIGNED_BY_THIS_FRACTURE_SCREEN,TARGET_CLASS_CONDITIONAL_NOT_PROBABILISTIC,"{""avalanche_size_objective"":0.09999999999999998,""class_trend_objective"":0.0,""completion_objective"":0.0,""onset_scale_objective"":2.391663500179904,""physical_topology_objective"":2.4346915583520468,""precursor_objective"":2.0,""provider_robustness_objective"":2.1899765023378617,""state_realism_objective"":0.0}",NONE_RECORDED,OBSERVED_AVALANCHES_1_TO_1;REINITIATIONS_0_TO_0,OBSERVED_AVALANCHES_2_TO_8;REINITIATIONS_1_TO_7,4.031938887819851,PROVIDER_SENSITIVE_TOPOLOGY,QUALITATIVE_TREND_AGREEMENT,44.7260862808322,12.444833592727404,123.10980856425971,2.923107815706411,1.5454545454545454,0.5625,36.900683719052424,32.220747054551914,SCREENED_TRADEOFF,481.33,7.0779780057831845,0.006014077328639321,6.586083625567729,-0.002263891955255316,2.481925204444827,1.0181428469755327,0.0436070518879531,5.216553224515931,-0.005560417149523662,4.91534759848842,0.014438180387133575,0.45894549982622024,0.7027814854752983,0.0228240380649044,5.917952734430224,-73.52148958106989,1.178178071556613,1.0056940987706184,1000000000000.0,1.3420035678634767,-16.758631660966426,1.0212089663371444,0.599093577126041,100000000000.0,2304603850210.2695,2.0853206215871256e+16,0.7399129455586655,0.9726245836274792
v913_zeroD_sobol_0027268,oneD_v2_fracture_option_bank_v1,ceramic-like,oneD_v2_terminal_shared_four_class_search_v1,v913_zeroD_sobol_0027268,ARCHIVED_V913_POOL,V913_ACTIVE_CANDIDATE_29,29,"{""Tref_K"":481.33,""c_blunt"":1.3645942294970157,""cleave_G00_eV"":3.4539050203748047,""cleave_exp_a"":0.9556720036547632,""cleave_exp_n"":1.4482388524338603,""cleave_floor_frac"":0.0080135848601919,""cleave_gT_eV_per_K"":0.0005332994232885,""cleave_sT_GPa_per_K"":0.0069966007368639,""cleave_sigc0_GPa"":5.875625330023468,""emit_G00_eV"":3.315353066660464,""emit_exp_a"":0.7155281139258295,""emit_exp_n"":1.1027543681673706,""emit_floor_frac"":0.0233953512715894,""emit_gT_eV_per_K"":-0.001404079593718,""emit_sT_GPa_per_K"":-0.0051309211142361,""emit_sigc0_GPa"":7.798269674181938,""peierls_H0_eV"":4.632277152035385,""peierls_activation_entropy_kB"":-1.6370408236980438,""peierls_exp_a"":1.126492390036583,""peierls_exp_n"":2.084962382679805,""peierls_nu0_s"":1000000000000.0,""rho_source0_m2"":1692795614855792.5,""taylor_H0_eV"":1.5707885271310806,""taylor_activation_entropy_kB"":23.11469655483961,""taylor_corr_rho_c_m2"":1.0847784350811712e+16,""taylor_corr_scale"":1.1627217271517138,""taylor_exp_a"":0.6876142159476877,""taylor_exp_n"":0.646309919655323,""taylor_nu0_s"":100000000000.0}",d3bfea8b58ca9376f13579e12ee26c7df96b65916bf778d8b6755b462bc3dd5e,5045feed8c87440676c580fe7f74989be4c4a995,04e21d940c5920f48d0f8dbc722900dfd4f6578b,04e21d940c5920f48d0f8dbc722900dfd4f6578b,119e8906d3c8166ad7b64e741d4cb09fc56f7bf46a98d6164fddc7d65e23270b,CURATED_OPTION|PARETO_NONDOMINATED,CURATED_OPTION|DIVERSE_PARETO|HIGH_FINAL_AVALANCHE_FRACTION|LOW_PRECURSOR_COUNT,NOT_RUN,[],False,NOT_EVALUATED,ceramic-like,NOT_ASSIGNED_BY_THIS_FRACTURE_SCREEN,TARGET_CLASS_CONDITIONAL_NOT_PROBABILISTIC,"{""avalanche_size_objective"":0.0,""class_trend_objective"":17.036727096908884,""completion_objective"":0.0,""onset_scale_objective"":2.4073568366739986,""physical_topology_objective"":0.0,""precursor_objective"":0.0,""provider_robustness_objective"":0.0823980513750064,""state_realism_objective"":0.0}",NONE_RECORDED,OBSERVED_AVALANCHES_1_TO_1;REINITIATIONS_0_TO_0,OBSERVED_AVALANCHES_1_TO_1;REINITIATIONS_0_TO_0,1.5507944216103948,AGREE_ALL_COMMON_TEMPERATURES,QUALITATIVE_TREND_AGREEMENT,55.417536674326634,19.365903438568363,92.46716406279525,0.0,0.0,1.0,31.228610375761864,24.961129199895968,SCREENED_TRADEOFF,481.33,3.4539050203748047,0.0005332994232885,5.875625330023468,0.0069966007368639,0.9556720036547632,1.4482388524338603,0.0080135848601919,3.315353066660464,-0.001404079593718,7.798269674181938,-0.0051309211142361,0.7155281139258295,1.1027543681673706,0.0233953512715894,4.632277152035385,-1.6370408236980438,1.126492390036583,2.084962382679805,1000000000000.0,1.5707885271310806,23.11469655483961,0.6876142159476877,0.646309919655323,100000000000.0,1692795614855792.5,1.0847784350811712e+16,1.1627217271517138,1.3645942294970157
v913_zeroD_sobol_0060219,oneD_v2_fracture_option_bank_v1,ceramic-like,oneD_v2_terminal_shared_four_class_search_v1,v913_zeroD_sobol_0060219,ARCHIVED_V913_POOL,V913_ACTIVE_CANDIDATE_29,29,"{""Tref_K"":481.33,""c_blunt"":2.47790246643126,""cleave_G00_eV"":4.388700178824365,""cleave_exp_a"":0.5163953727576882,""cleave_exp_n"":1.5005021863617003,""cleave_floor_frac"":0.065555313646972,""cleave_gT_eV_per_K"":0.0056093849847093,""cleave_sT_GPa_per_K"":-0.0018545337766408,""cleave_sigc0_GPa"":5.11267201974988,""emit_G00_eV"":3.8714989850297568,""emit_exp_a"":0.1755501898750662,""emit_exp_n"":0.775419834908098,""emit_floor_frac"":0.0113425899289356,""emit_gT_eV_per_K"":-0.0014363304665312,""emit_sT_GPa_per_K"":-0.0069189315550029,""emit_sigc0_GPa"":4.633709907531738,""peierls_H0_eV"":0.959687392693013,""peierls_activation_entropy_kB"":14.77918503805995,""peierls_exp_a"":1.7894757851958274,""peierls_exp_n"":0.9159671810921282,""peierls_nu0_s"":1000000000000.0,""rho_source0_m2"":1.6621303923333022e+16,""taylor_H0_eV"":0.1275879848003387,""taylor_activation_entropy_kB"":19.32783756405115,""taylor_corr_rho_c_m2"":5.451008813541711e+16,""taylor_corr_scale"":5.963884351453593,""taylor_exp_a"":0.0402470866590738,""taylor_exp_n"":0.6374284494668245,""taylor_nu0_s"":100000000000.0}",a2c2a292e7371f2e1b7e76fe686390827b0a24d69fcebb98ffbcdc849dd8459d,5045feed8c87440676c580fe7f74989be4c4a995,04e21d940c5920f48d0f8dbc722900dfd4f6578b,04e21d940c5920f48d0f8dbc722900dfd4f6578b,119e8906d3c8166ad7b64e741d4cb09fc56f7bf46a98d6164fddc7d65e23270b,CURATED_OPTION|PARETO_NONDOMINATED,CURATED_OPTION|DIVERSE_PARETO|HIGH_BLUNTING,NOT_RUN,[],False,NOT_EVALUATED,ceramic-like,NOT_ASSIGNED_BY_THIS_FRACTURE_SCREEN,TARGET_CLASS_CONDITIONAL_NOT_PROBABILISTIC,"{""avalanche_size_objective"":0.037500000000000006,""class_trend_objective"":10.217470914457499,""completion_objective"":0.0,""onset_scale_objective"":2.309655255814395,""physical_topology_objective"":0.8935690051224432,""precursor_objective"":0.75,""provider_robustness_objective"":0.6733290686482797,""state_realism_objective"":0.0}",NONE_RECORDED,OBSERVED_AVALANCHES_1_TO_2;REINITIATIONS_0_TO_1,OBSERVED_AVALANCHES_1_TO_5;REINITIATIONS_0_TO_4,0.2990945939796114,PROVIDER_SENSITIVE_TOPOLOGY,QUALITATIVE_TREND_AGREEMENT,58.49176990450276,30.554738275232346,84.93628323715083,1.1569069903942475,0.9772727272727273,0.75,30.544265392966924,18.214004131553224,SCREENED_TRADEOFF,481.33,4.388700178824365,0.0056093849847093,5.11267201974988,-0.0018545337766408,0.5163953727576882,1.5005021863617003,0.065555313646972,3.8714989850297568,-0.0014363304665312,4.633709907531738,-0.0069189315550029,0.1755501898750662,0.775419834908098,0.0113425899289356,0.959687392693013,14.77918503805995,1.7894757851958274,0.9159671810921282,1000000000000.0,0.1275879848003387,19.32783756405115,0.0402470866590738,0.6374284494668245,100000000000.0,1.6621303923333022e+16,5.451008813541711e+16,5.963884351453593,2.47790246643126
v913_zeroD_sobol_0086763,oneD_v2_fracture_option_bank_v1,ceramic-like,oneD_v2_terminal_shared_four_class_search_v1,v913_zeroD_sobol_0086763,ARCHIVED_V913_POOL,V913_ACTIVE_CANDIDATE_29,29,"{""Tref_K"":481.33,""c_blunt"":1.6149879125878217,""cleave_G00_eV"":2.0171823515556757,""cleave_exp_a"":0.3242059195879846,""cleave_exp_n"":1.6929715820588171,""cleave_floor_frac"":0.1966510411308111,""cleave_gT_eV_per_K"":0.0007157472013495,""cleave_sT_GPa_per_K"":0.007358667384833,""cleave_sigc0_GPa"":4.4299531150609255,""emit_G00_eV"":3.909099069423973,""emit_exp_a"":0.0765673027653247,""emit_exp_n"":1.8451305483933536,""emit_floor_frac"":0.0316501915939528,""emit_gT_eV_per_K"":-0.0016350555261597,""emit_sT_GPa_per_K"":-0.0066645889617502,""emit_sigc0_GPa"":3.728829473257065,""peierls_H0_eV"":1.314332072623074,""peierls_activation_entropy_kB"":-20.236899703741077,""peierls_exp_a"":1.1734891518950463,""peierls_exp_n"":2.3269249042496085,""peierls_nu0_s"":1000000000000.0,""rho_source0_m2"":360369746344293.2,""taylor_H0_eV"":0.9463708013296128,""taylor_activation_entropy_kB"":10.147276632487774,""taylor_corr_rho_c_m2"":3.744286819044797e+17,""taylor_corr_scale"":3.648212336865315,""taylor_exp_a"":0.5216803448833525,""taylor_exp_n"":1.5814494546502829,""taylor_nu0_s"":100000000000.0}",0bf91af7d6f71253ef8d9262024c52176ea560a511cd9c786f8943f7462d895e,5045feed8c87440676c580fe7f74989be4c4a995,04e21d940c5920f48d0f8dbc722900dfd4f6578b,04e21d940c5920f48d0f8dbc722900dfd4f6578b,119e8906d3c8166ad7b64e741d4cb09fc56f7bf46a98d6164fddc7d65e23270b,CURATED_OPTION|PARETO_NONDOMINATED,CURATED_OPTION|DIVERSE_PARETO|HIGH_BACKSTRESS|HIGH_ONSET|HIGH_PRECURSOR_COUNT|LOW_FINAL_AVALANCHE_FRACTION|R_ENRICHED,NOT_RUN,[],False,NOT_EVALUATED,ceramic-like,NOT_ASSIGNED_BY_THIS_FRACTURE_SCREEN,TARGET_CLASS_CONDITIONAL_NOT_PROBABILISTIC,"{""avalanche_size_objective"":0.3500000000000001,""class_trend_objective"":null,""completion_objective"":1.0,""onset_scale_objective"":null,""physical_topology_objective"":null,""precursor_objective"":2.0,""provider_robustness_objective"":null,""state_realism_objective"":0.0}",NONFINITE_OBJECTIVES:provider_robustness_objective|class_trend_objective|physical_topology_objective|onset_scale_objective,OBSERVED_AVALANCHES_1_TO_2;REINITIATIONS_0_TO_1,OBSERVED_AVALANCHES_0_TO_8;REINITIATIONS_0_TO_7,3.2502890343334427,PROVIDER_SENSITIVE_TOPOLOGY,PROVIDER_SENSITIVE_TREND,98.2199257719405,26.76478092386585,316.4527438063188,5.632073553327799,1.5681818181818181,0.0,156.96148326242132,52.11711815490704,SCREENED_TRADEOFF,481.33,2.0171823515556757,0.0007157472013495,4.4299531150609255,0.007358667384833,0.3242059195879846,1.6929715820588171,0.1966510411308111,3.909099069423973,-0.0016350555261597,3.728829473257065,-0.0066645889617502,0.0765673027653247,1.8451305483933536,0.0316501915939528,1.314332072623074,-20.236899703741077,1.1734891518950463,2.3269249042496085,1000000000000.0,0.9463708013296128,10.147276632487774,0.5216803448833525,1.5814494546502829,100000000000.0,360369746344293.2,3.744286819044797e+17,3.648212336865315,1.6149879125878217
v913_zeroD_sobol_0129902,oneD_v2_fracture_option_bank_v1,ceramic-like,oneD_v2_terminal_shared_four_class_search_v1,v913_zeroD_sobol_0129902,ARCHIVED_V913_POOL,V913_ACTIVE_CANDIDATE_29,29,"{""Tref_K"":481.33,""c_blunt"":1.9507201686501503,""cleave_G00_eV"":2.683425398543477,""cleave_exp_a"":1.1411482973955571,""cleave_exp_n"":1.1264505988918243,""cleave_floor_frac"":0.0019271603769193,""cleave_gT_eV_per_K"":0.0060197069197893,""cleave_sT_GPa_per_K"":-0.0002585870958864,""cleave_sigc0_GPa"":4.890972775872797,""emit_G00_eV"":1.6985005037859082,""emit_exp_a"":0.6522800833545626,""emit_exp_n"":0.8178969756700099,""emit_floor_frac"":0.001963405800003,""emit_gT_eV_per_K"":0.0025603877846151,""emit_sT_GPa_per_K"":-0.000113367350772,""emit_sigc0_GPa"":0.7007976029999554,""peierls_H0_eV"":7.117342075519264,""peierls_activation_entropy_kB"":-47.75738567113876,""peierls_exp_a"":0.2264547564554959,""peierls_exp_n"":1.9374389592558143,""peierls_nu0_s"":1000000000000.0,""rho_source0_m2"":18895562156334.47,""taylor_H0_eV"":3.2621826685033737,""taylor_activation_entropy_kB"":39.933723136782646,""taylor_corr_rho_c_m2"":237130686553740.03,""taylor_corr_scale"":0.0927493991876699,""taylor_exp_a"":1.055419295541942,""taylor_exp_n"":1.0061173520516604,""taylor_nu0_s"":100000000000.0}",ada3759a718d9f0dce0af90ab4acc85e9ab2a1bca81c3837324bd0bc5cfd5d45,5045feed8c87440676c580fe7f74989be4c4a995,04e21d940c5920f48d0f8dbc722900dfd4f6578b,04e21d940c5920f48d0f8dbc722900dfd4f6578b,119e8906d3c8166ad7b64e741d4cb09fc56f7bf46a98d6164fddc7d65e23270b,CURATED_OPTION|PARETO_NONDOMINATED,CURATED_OPTION|DIVERSE_PARETO,NOT_RUN,[],False,NOT_EVALUATED,ceramic-like,NOT_ASSIGNED_BY_THIS_FRACTURE_SCREEN,TARGET_CLASS_CONDITIONAL_NOT_PROBABILISTIC,"{""avalanche_size_objective"":0.09999999999999998,""class_trend_objective"":1.0979386143325047,""completion_objective"":0.0,""onset_scale_objective"":2.4253347692514544,""physical_topology_objective"":2.425264928519992,""precursor_objective"":2.0,""provider_robustness_objective"":2.0184372738137735,""state_realism_objective"":0.0}",NONE_RECORDED,OBSERVED_AVALANCHES_1_TO_1;REINITIATIONS_0_TO_0,OBSERVED_AVALANCHES_3_TO_3;REINITIATIONS_2_TO_2,3.0273747338717625,PROVIDER_SENSITIVE_TOPOLOGY,QUALITATIVE_TREND_AGREEMENT,52.137020997107214,19.232396137415673,83.9971444701072,0.6846601023808452,1.0,0.9,51.380901214641625,26.952091411850187,SCREENED_TRADEOFF,481.33,2.683425398543477,0.0060197069197893,4.890972775872797,-0.0002585870958864,1.1411482973955571,1.1264505988918243,0.0019271603769193,1.6985005037859082,0.0025603877846151,0.7007976029999554,-0.000113367350772,0.6522800833545626,0.8178969756700099,0.001963405800003,7.117342075519264,-47.75738567113876,0.2264547564554959,1.9374389592558143,1000000000000.0,3.2621826685033737,39.933723136782646,1.055419295541942,1.0061173520516604,100000000000.0,18895562156334.47,237130686553740.03,0.0927493991876699,1.9507201686501503
v913_zeroD_sobol_0134035,oneD_v2_fracture_option_bank_v1,ceramic-like,oneD_v2_terminal_shared_four_class_search_v1,v913_zeroD_sobol_0134035,ARCHIVED_V913_POOL,V913_ACTIVE_CANDIDATE_29,29,"{""Tref_K"":481.33,""c_blunt"":2.366745365783572,""cleave_G00_eV"":3.233907286543399,""cleave_exp_a"":1.022268332215026,""cleave_exp_n"":1.2269537332467737,""cleave_floor_frac"":0.0229905830425804,""cleave_gT_eV_per_K"":0.0058032531985081,""cleave_sT_GPa_per_K"":-0.0008306465232744,""cleave_sigc0_GPa"":6.595284782350063,""emit_G00_eV"":3.2737088114023205,""emit_exp_a"":0.4223329514544457,""emit_exp_n"":0.637059442512691,""emit_floor_frac"":0.0083827769047892,""emit_gT_eV_per_K"":-0.0014017990753054,""emit_sT_GPa_per_K"":0.0018341646678745,""emit_sigc0_GPa"":7.837275750935078,""peierls_H0_eV"":5.945067501161248,""peierls_activation_entropy_kB"":11.4813625626266,""peierls_exp_a"":1.4448536720126868,""peierls_exp_n"":0.79892413970083,""peierls_nu0_s"":1000000000000.0,""rho_source0_m2"":3.1950676796527416e+16,""taylor_H0_eV"":1.3867292076349258,""taylor_activation_entropy_kB"":20.20187959074974,""taylor_corr_rho_c_m2"":4.2927076092496416e+17,""taylor_corr_scale"":1.891941521242278,""taylor_exp_a"":0.74570251586847,""taylor_exp_n"":2.2320069298148155,""taylor_nu0_s"":100000000000.0}",0a676bb4313aba4e637ee132e8d255300ebde9171cc8bf7fe1ea43edf893f8dd,5045feed8c87440676c580fe7f74989be4c4a995,04e21d940c5920f48d0f8dbc722900dfd4f6578b,04e21d940c5920f48d0f8dbc722900dfd4f6578b,119e8906d3c8166ad7b64e741d4cb09fc56f7bf46a98d6164fddc7d65e23270b,CURATED_OPTION|PARETO_NONDOMINATED,CURATED_OPTION|DIVERSE_PARETO,NOT_RUN,[],False,NOT_EVALUATED,ceramic-like,NOT_ASSIGNED_BY_THIS_FRACTURE_SCREEN,TARGET_CLASS_CONDITIONAL_NOT_PROBABILISTIC,"{""avalanche_size_objective"":0.0,""class_trend_objective"":12.591617839245444,""completion_objective"":0.0,""onset_scale_objective"":1.183373420039472,""physical_topology_objective"":0.0,""precursor_objective"":0.0,""provider_robustness_objective"":0.21625101354307055,""state_realism_objective"":0.0}",NONE_RECORDED,OBSERVED_AVALANCHES_1_TO_1;REINITIATIONS_0_TO_0,OBSERVED_AVALANCHES_1_TO_1;REINITIATIONS_0_TO_0,0.5202908458156846,AGREE_ALL_COMMON_TEMPERATURES,QUALITATIVE_TREND_AGREEMENT,43.930224690849215,22.235201685461192,61.701035554124545,0.0,0.0,1.0,16.833909727603125,13.717505024286009,SCREENED_TRADEOFF,481.33,3.233907286543399,0.0058032531985081,6.595284782350063,-0.0008306465232744,1.022268332215026,1.2269537332467737,0.0229905830425804,3.2737088114023205,-0.0014017990753054,7.837275750935078,0.0018341646678745,0.4223329514544457,0.637059442512691,0.0083827769047892,5.945067501161248,11.4813625626266,1.4448536720126868,0.79892413970083,1000000000000.0,1.3867292076349258,20.20187959074974,0.74570251586847,2.2320069298148155,100000000000.0,3.1950676796527416e+16,4.2927076092496416e+17,1.891941521242278,2.366745365783572
v913_zeroD_sobol_0196804,oneD_v2_fracture_option_bank_v1,ceramic-like,oneD_v2_terminal_shared_four_class_search_v1,v913_zeroD_sobol_0196804,ARCHIVED_V913_POOL,V913_ACTIVE_CANDIDATE_29,29,"{""Tref_K"":481.33,""c_blunt"":1.5917330235242844,""cleave_G00_eV"":1.7714824001304803,""cleave_exp_a"":0.6148919253144414,""cleave_exp_n"":1.5603243741206825,""cleave_floor_frac"":0.1153070659612199,""cleave_gT_eV_per_K"":0.0103562680487521,""cleave_sT_GPa_per_K"":-0.0009702393226325,""cleave_sigc0_GPa"":4.632103982381523,""emit_G00_eV"":3.817191637679934,""emit_exp_a"":0.5269161547534168,""emit_exp_n"":1.6655265090987086,""emit_floor_frac"":0.0066673592450076,""emit_gT_eV_per_K"":-0.0028015050739049,""emit_sT_GPa_per_K"":0.0009291039071977,""emit_sigc0_GPa"":4.64529250562191,""peierls_H0_eV"":6.8752316241152585,""peierls_activation_entropy_kB"":-29.64632283896208,""peierls_exp_a"":0.9433633933775126,""peierls_exp_n"":2.2286851475946605,""peierls_nu0_s"":1000000000000.0,""rho_source0_m2"":5.317876222320463e+16,""taylor_H0_eV"":0.5239948415756225,""taylor_activation_entropy_kB"":25.16071606427431,""taylor_corr_rho_c_m2"":7.753439315183398e+16,""taylor_corr_scale"":0.3071057276154363,""taylor_exp_a"":0.843806842379272,""taylor_exp_n"":0.7322783842682838,""taylor_nu0_s"":100000000000.0}",0a6470f7ee04605deb43bc1b7eff547e331fb5bba8ce46bb9fa1f9b765b49d45,5045feed8c87440676c580fe7f74989be4c4a995,04e21d940c5920f48d0f8dbc722900dfd4f6578b,04e21d940c5920f48d0f8dbc722900dfd4f6578b,119e8906d3c8166ad7b64e741d4cb09fc56f7bf46a98d6164fddc7d65e23270b,CURATED_OPTION|PARETO_NONDOMINATED,CURATED_OPTION|DIVERSE_PARETO,NOT_RUN,[],False,NOT_EVALUATED,ceramic-like,NOT_ASSIGNED_BY_THIS_FRACTURE_SCREEN,TARGET_CLASS_CONDITIONAL_NOT_PROBABILISTIC,"{""avalanche_size_objective"":0.0,""class_trend_objective"":32.41101371614624,""completion_objective"":0.0,""onset_scale_objective"":1.2525502233674553,""physical_topology_objective"":0.0,""precursor_objective"":0.0,""provider_robustness_objective"":0.09312342506456228,""state_realism_objective"":0.0}",NONE_RECORDED,OBSERVED_AVALANCHES_1_TO_1;REINITIATIONS_0_TO_0,OBSERVED_AVALANCHES_1_TO_1;REINITIATIONS_0_TO_0,62472501.520382956,AGREE_ALL_COMMON_TEMPERATURES,QUALITATIVE_TREND_AGREEMENT,38.45604807644348,4.733254533197337e-08,66.99084318740519,0.0,0.0,1.0,13.087890964297614,14.614937055886514,SCREENED_TRADEOFF,481.33,1.7714824001304803,0.0103562680487521,4.632103982381523,-0.0009702393226325,0.6148919253144414,1.5603243741206825,0.1153070659612199,3.817191637679934,-0.0028015050739049,4.64529250562191,0.0009291039071977,0.5269161547534168,1.6655265090987086,0.0066673592450076,6.8752316241152585,-29.64632283896208,0.9433633933775126,2.2286851475946605,1000000000000.0,0.5239948415756225,25.16071606427431,0.843806842379272,0.7322783842682838,100000000000.0,5.317876222320463e+16,7.753439315183398e+16,0.3071057276154363,1.5917330235242844
oneD_v2_focused_weak_T_0016,oneD_v2_fracture_option_bank_v1,weak-T,oneD_v2_terminal_shared_four_class_search_v1,PRIOR_QUALIFIED_SELECTED_ROW,PRIOR_QUALIFIED_SELECTED_ROW,V913_ACTIVE_CANDIDATE_29,29,"{""Tref_K"":481.33,""c_blunt"":1.530842099339777,""cleave_G00_eV"":3.0409417554034506,""cleave_exp_a"":0.9755933427556992,""cleave_exp_n"":1.0789590675557872,""cleave_floor_frac"":0.0254752893929062,""cleave_gT_eV_per_K"":0.0064701912851701,""cleave_sT_GPa_per_K"":-0.0014868482932827,""cleave_sigc0_GPa"":5.025395129160157,""emit_G00_eV"":2.933115011485353,""emit_exp_a"":0.2680205096220068,""emit_exp_n"":1.551767664067378,""emit_floor_frac"":0.0645240567354888,""emit_gT_eV_per_K"":-0.0004294320236987,""emit_sT_GPa_per_K"":-4.279285497456851e-05,""emit_sigc0_GPa"":1.496151672231702,""peierls_H0_eV"":4.856657209902395,""peierls_activation_entropy_kB"":-30.953125660022273,""peierls_exp_a"":1.010412615071982,""peierls_exp_n"":2.38337339903228,""peierls_nu0_s"":1000000000000.0,""rho_source0_m2"":6.171441842801577e+16,""taylor_H0_eV"":1.8920834250730325,""taylor_activation_entropy_kB"":39.53630023124541,""taylor_corr_rho_c_m2"":2.0520115074553476e+16,""taylor_corr_scale"":0.1044563455428077,""taylor_exp_a"":0.526846093358472,""taylor_exp_n"":1.4233212359249592,""taylor_nu0_s"":100000000000.0}",4fbfdde9af1a473b4f4f428e08f24d3835f1e729b6f3b90cbacc836fdcc58d53,5045feed8c87440676c580fe7f74989be4c4a995,04e21d940c5920f48d0f8dbc722900dfd4f6578b,04e21d940c5920f48d0f8dbc722900dfd4f6578b,119e8906d3c8166ad7b64e741d4cb09fc56f7bf46a98d6164fddc7d65e23270b,CURATED_OPTION|CURRENT_V2_SELECTED|DIRECT_PF_VALIDATED|HISTORICAL_CONTROL,BALANCED|CONTROL|CURATED_OPTION|DIVERSE_PARETO|HIGH_FINAL_AVALANCHE_FRACTION|LOW_BACKSTRESS|LOW_PRECURSOR_COUNT,PASSED_PRIOR_BOUNDED_PF_TRANSFER,"[{""pf_2D_seed"": 2008666, ""source_steps_file"": ""/private/tmp/oneD-v2-terminal-pf-transfer-runs/weak-T/T300K_seed2008666/steps_0300K.csv"", ""source_steps_sha256"": ""71f2ea762128b62e53dea9dcab267335d0d1bc08ba0281998e405a426ac6ecc2"", ""temperature_K"": 300.0}, {""pf_2D_seed"": 2008666, ""source_steps_file"": ""/private/tmp/oneD-v2-terminal-pf-transfer-runs/weak-T/T1000K_seed2008666/steps_1000K.csv"", ""source_steps_sha256"": ""6c6169f29266f3abdf960dc61c9e9f0794562119812d65d27cf56059d78b65a6"", ""temperature_K"": 1000.0}, {""pf_2D_seed"": 2008666, ""source_steps_file"": ""/private/tmp/oneD-v2-terminal-pf-transfer-runs/weak-T/T1200K_seed2008666/steps_1200K.csv"", ""source_steps_sha256"": ""241577b1463d7ac8dca18865fe1c9da3dbc276bb0782e32a216b626d96cbee94"", ""temperature_K"": 1200.0}]",False,NOT_EVALUATED,weak-T,NOT_ASSIGNED_BY_THIS_FRACTURE_SCREEN,TARGET_CLASS_CONDITIONAL_NOT_PROBABILISTIC,{},NO_PARETO_SCORE_ROW,OBSERVED_AVALANCHES_1_TO_1;REINITIATIONS_0_TO_0,OBSERVED_AVALANCHES_1_TO_2;REINITIATIONS_0_TO_1,0.08513581787600284,PROVIDER_SENSITIVE_TOPOLOGY,QUALITATIVE_TREND_AGREEMENT,25.341602229143927,21.197350994800942,29.504314750733624,0.5326033128872389,0.22727272727272727,0.9565217391304348,13.128875189497101,14.928007870327496,SCREENED_TRADEOFF,481.33,3.0409417554034506,0.0064701912851701,5.025395129160157,-0.0014868482932827,0.9755933427556992,1.0789590675557872,0.0254752893929062,2.933115011485353,-0.0004294320236987,1.496151672231702,-4.279285497456851e-05,0.2680205096220068,1.551767664067378,0.0645240567354888,4.856657209902395,-30.953125660022273,1.010412615071982,2.38337339903228,1000000000000.0,1.8920834250730325,39.53630023124541,0.526846093358472,1.4233212359249592,100000000000.0,6.171441842801577e+16,2.0520115074553476e+16,0.1044563455428077,1.530842099339777
oneD_v2_terminal_weak_T_0001,oneD_v2_fracture_option_bank_v1,weak-T,oneD_v2_terminal_shared_four_class_search_v1,v913_zeroD_sobol_0129902,SOBOL_LOCAL_SHARED_TWO_PROVIDER,V913_ACTIVE_CANDIDATE_29,29,"{""Tref_K"":481.33,""c_blunt"":4.855029098898264,""cleave_G00_eV"":5.182978940476934,""cleave_exp_a"":0.9569625144096168,""cleave_exp_n"":1.819359067858742,""cleave_floor_frac"":0.0019271603769193,""cleave_gT_eV_per_K"":0.00806347592118558,""cleave_sT_GPa_per_K"":-0.00016639692847916798,""cleave_sigc0_GPa"":4.822786694484401,""emit_G00_eV"":0.7812057442823682,""emit_exp_a"":1.0163960714468312,""emit_exp_n"":1.5844758651636761,""emit_floor_frac"":0.001963405800003,""emit_gT_eV_per_K"":0.003763361270671288,""emit_sT_GPa_per_K"":-5.576305948202976e-05,""emit_sigc0_GPa"":1.4567764914836097,""peierls_H0_eV"":9.990004376271834,""peierls_activation_entropy_kB"":-24.93159309994766,""peierls_exp_a"":0.2264547564554959,""peierls_exp_n"":1.9374389592558143,""peierls_nu0_s"":1000000000000.0,""rho_source0_m2"":114922032680183.16,""taylor_H0_eV"":4.875810934048565,""taylor_activation_entropy_kB"":46.68677851473678,""taylor_corr_rho_c_m2"":160748411813190.9,""taylor_corr_scale"":0.05735864165754139,""taylor_exp_a"":1.055419295541942,""taylor_exp_n"":1.0061173520516604,""taylor_nu0_s"":100000000000.0}",c0a45589ffa1eea1dec6845bea5ffddd0e192043aa0665630f148e5be05d534d,5045feed8c87440676c580fe7f74989be4c4a995,04e21d940c5920f48d0f8dbc722900dfd4f6578b,04e21d940c5920f48d0f8dbc722900dfd4f6578b,119e8906d3c8166ad7b64e741d4cb09fc56f7bf46a98d6164fddc7d65e23270b,CURATED_OPTION|PARETO_NONDOMINATED,CURATED_OPTION|DIVERSE_PARETO|HIGH_BLUNTING,NOT_RUN,[],False,NOT_EVALUATED,weak-T,NOT_ASSIGNED_BY_THIS_FRACTURE_SCREEN,TARGET_CLASS_CONDITIONAL_NOT_PROBABILISTIC,"{""avalanche_size_objective"":0.2673913043478261,""class_trend_objective"":8.028424039942358,""completion_objective"":0.0,""onset_scale_objective"":0.0,""physical_topology_objective"":9.942448341251296,""precursor_objective"":6.0,""provider_robustness_objective"":4.105745579623598,""state_realism_objective"":0.0}",NONE_RECORDED,OBSERVED_AVALANCHES_2_TO_2;REINITIATIONS_1_TO_1,OBSERVED_AVALANCHES_6_TO_6;REINITIATIONS_5_TO_5,0.07498048227139825,PROVIDER_SENSITIVE_TOPOLOGY,QUALITATIVE_TREND_AGREEMENT,48.95556796718545,41.77189222231878,59.60430226135608,4.769005349030253,3.0,0.782608695652174,123.00517625137807,26.58583552486108,SCREENED_TRADEOFF,481.33,5.182978940476934,0.00806347592118558,4.822786694484401,-0.00016639692847916798,0.9569625144096168,1.819359067858742,0.0019271603769193,0.7812057442823682,0.003763361270671288,1.4567764914836097,-5.576305948202976e-05,1.0163960714468312,1.5844758651636761,0.001963405800003,9.990004376271834,-24.93159309994766,0.2264547564554959,1.9374389592558143,1000000000000.0,4.875810934048565,46.68677851473678,1.055419295541942,1.0061173520516604,100000000000.0,114922032680183.16,160748411813190.9,0.05735864165754139,4.855029098898264
oneD_v2_terminal_weak_T_0003,oneD_v2_fracture_option_bank_v1,weak-T,oneD_v2_terminal_shared_four_class_search_v1,v913_zeroD_sobol_0129902,SOBOL_LOCAL_SHARED_TWO_PROVIDER,V913_ACTIVE_CANDIDATE_29,29,"{""Tref_K"":481.33,""c_blunt"":2.4538196112368307,""cleave_G00_eV"":1.3512525620471902,""cleave_exp_a"":1.9246364476505982,""cleave_exp_n"":1.0695771936584868,""cleave_floor_frac"":0.0019271603769193,""cleave_gT_eV_per_K"":0.011442136493649134,""cleave_sT_GPa_per_K"":-0.00023777515247207868,""cleave_sigc0_GPa"":2.6772073756159367,""emit_G00_eV"":1.5924691069463173,""emit_exp_a"":0.3373712987569476,""emit_exp_n"":0.5510577117130739,""emit_floor_frac"":0.001963405800003,""emit_gT_eV_per_K"":0.0019609254649543186,""emit_sT_GPa_per_K"":-0.00014569920298883784,""emit_sigc0_GPa"":0.5160260226872634,""peierls_H0_eV"":13.978225439244895,""peierls_activation_entropy_kB"":-42.13381258161446,""peierls_exp_a"":0.2264547564554959,""peierls_exp_n"":1.9374389592558143,""peierls_nu0_s"":1000000000000.0,""rho_source0_m2"":4213617516456.1113,""taylor_H0_eV"":1.882828103884349,""taylor_activation_entropy_kB"":73.56970545706186,""taylor_corr_rho_c_m2"":83741634015459.42,""taylor_corr_scale"":0.09409813613916904,""taylor_exp_a"":1.055419295541942,""taylor_exp_n"":1.0061173520516604,""taylor_nu0_s"":100000000000.0}",4c9bb42fe4b2019dddef9d80471062534668f5435dfb3de838b23446b5c360c4,5045feed8c87440676c580fe7f74989be4c4a995,04e21d940c5920f48d0f8dbc722900dfd4f6578b,04e21d940c5920f48d0f8dbc722900dfd4f6578b,119e8906d3c8166ad7b64e741d4cb09fc56f7bf46a98d6164fddc7d65e23270b,CURATED_OPTION|PARETO_NEAR_FRONT,CURATED_OPTION|DIVERSE_PARETO|LOW_ONSET|R_ENRICHED,NOT_RUN,[],False,NOT_EVALUATED,weak-T,NOT_ASSIGNED_BY_THIS_FRACTURE_SCREEN,TARGET_CLASS_CONDITIONAL_NOT_PROBABILISTIC,"{""avalanche_size_objective"":0.21739130434782605,""class_trend_objective"":2.7486014686058944,""completion_objective"":0.0,""onset_scale_objective"":0.5016407960618594,""physical_topology_objective"":19.467763155225406,""precursor_objective"":5.0,""provider_robustness_objective"":5.0390109496134015,""state_realism_objective"":0.0}",NONE_RECORDED,OBSERVED_AVALANCHES_1_TO_1;REINITIATIONS_0_TO_0,OBSERVED_AVALANCHES_6_TO_6;REINITIATIONS_5_TO_5,48710873.73111346,PROVIDER_SENSITIVE_TOPOLOGY,QUALITATIVE_TREND_AGREEMENT,8.988202263367908,4.733254533197337e-08,16.239094658822424,21.52235515867295,2.5,0.782608695652174,72.88557569583953,28.704929255280092,SCREENED_TRADEOFF,481.33,1.3512525620471902,0.011442136493649134,2.6772073756159367,-0.00023777515247207868,1.9246364476505982,1.0695771936584868,0.0019271603769193,1.5924691069463173,0.0019609254649543186,0.5160260226872634,-0.00014569920298883784,0.3373712987569476,0.5510577117130739,0.001963405800003,13.978225439244895,-42.13381258161446,0.2264547564554959,1.9374389592558143,1000000000000.0,1.882828103884349,73.56970545706186,1.055419295541942,1.0061173520516604,100000000000.0,4213617516456.1113,83741634015459.42,0.09409813613916904,2.4538196112368307
oneD_v2_terminal_weak_T_0012,oneD_v2_fracture_option_bank_v1,weak-T,oneD_v2_terminal_shared_four_class_search_v1,v913_zeroD_sobol_0129902,SOBOL_LOCAL_SHARED_TWO_PROVIDER,V913_ACTIVE_CANDIDATE_29,29,"{""Tref_K"":481.33,""c_blunt"":0.9497039486417885,""cleave_G00_eV"":1.5961532440764894,""cleave_exp_a"":0.709549068570611,""cleave_exp_n"":0.9257598645631772,""cleave_floor_frac"":0.0019271603769193,""cleave_gT_eV_per_K"":0.004856675438838298,""cleave_sT_GPa_per_K"":-0.00017317886338835453,""cleave_sigc0_GPa"":8.334884480666846,""emit_G00_eV"":3.0412309740398458,""emit_exp_a"":0.3756211146277778,""emit_exp_n"":0.4149390204673953,""emit_floor_frac"":0.001963405800003,""emit_gT_eV_per_K"":0.0014972679296275206,""emit_sT_GPa_per_K"":-0.00010970619682982557,""emit_sigc0_GPa"":0.36800969944924405,""peierls_H0_eV"":8.878551417876372,""peierls_activation_entropy_kB"":-87.59079601073225,""peierls_exp_a"":0.2264547564554959,""peierls_exp_n"":1.9374389592558143,""peierls_nu0_s"":1000000000000.0,""rho_source0_m2"":49786302975306.42,""taylor_H0_eV"":6.147997639200604,""taylor_activation_entropy_kB"":24.788795801490792,""taylor_corr_rho_c_m2"":921655737097016.8,""taylor_corr_scale"":0.21581359455306978,""taylor_exp_a"":1.055419295541942,""taylor_exp_n"":1.0061173520516604,""taylor_nu0_s"":100000000000.0}",e4dbe334a7f55a3b131dbeadfa6b3e3c0b521f315f55af0f8ec516e9a73c481b,5045feed8c87440676c580fe7f74989be4c4a995,04e21d940c5920f48d0f8dbc722900dfd4f6578b,04e21d940c5920f48d0f8dbc722900dfd4f6578b,119e8906d3c8166ad7b64e741d4cb09fc56f7bf46a98d6164fddc7d65e23270b,CURATED_OPTION|PARETO_NEAR_FRONT,CURATED_OPTION|DIVERSE_PARETO,NOT_RUN,[],False,NOT_EVALUATED,weak-T,NOT_ASSIGNED_BY_THIS_FRACTURE_SCREEN,TARGET_CLASS_CONDITIONAL_NOT_PROBABILISTIC,"{""avalanche_size_objective"":0.21739130434782605,""class_trend_objective"":22.258913373482123,""completion_objective"":0.0,""onset_scale_objective"":0.42546073905799625,""physical_topology_objective"":8.122568786497965,""precursor_objective"":5.0,""provider_robustness_objective"":5.0664409286508505,""state_realism_objective"":0.0}",NONE_RECORDED,OBSERVED_AVALANCHES_1_TO_1;REINITIATIONS_0_TO_0,OBSERVED_AVALANCHES_6_TO_6;REINITIATIONS_5_TO_5,0.8091374826968148,PROVIDER_SENSITIVE_TOPOLOGY,QUALITATIVE_TREND_AGREEMENT,53.044048093535416,11.217325273184853,86.86883595055939,6.16551511569651,2.5,0.782608695652174,50.753474100776636,38.386135383928924,SCREENED_TRADEOFF,481.33,1.5961532440764894,0.004856675438838298,8.334884480666846,-0.00017317886338835453,0.709549068570611,0.9257598645631772,0.0019271603769193,3.0412309740398458,0.0014972679296275206,0.36800969944924405,-0.00010970619682982557,0.3756211146277778,0.4149390204673953,0.001963405800003,8.878551417876372,-87.59079601073225,0.2264547564554959,1.9374389592558143,1000000000000.0,6.147997639200604,24.788795801490792,1.055419295541942,1.0061173520516604,100000000000.0,49786302975306.42,921655737097016.8,0.21581359455306978,0.9497039486417885
oneD_v2_terminal_weak_T_0021,oneD_v2_fracture_option_bank_v1,weak-T,oneD_v2_terminal_shared_four_class_search_v1,v913_zeroD_sobol_0129902,SOBOL_LOCAL_SHARED_TWO_PROVIDER,V913_ACTIVE_CANDIDATE_29,29,"{""Tref_K"":481.33,""c_blunt"":4.300011692145429,""cleave_G00_eV"":3.2122945775409724,""cleave_exp_a"":1.1115784141399132,""cleave_exp_n"":1.0118995853964623,""cleave_floor_frac"":0.0019271603769193,""cleave_gT_eV_per_K"":0.007209795954859458,""cleave_sT_GPa_per_K"":-0.00024995872019402567,""cleave_sigc0_GPa"":8.636067848419977,""emit_G00_eV"":1.7315233433569674,""emit_exp_a"":0.43853376502638897,""emit_exp_n"":1.5554375732890968,""emit_floor_frac"":0.001963405800003,""emit_gT_eV_per_K"":0.002736191608195341,""emit_sT_GPa_per_K"":-0.00024782998319877313,""emit_sigc0_GPa"":0.3527960578660185,""peierls_H0_eV"":3.885561184088855,""peierls_activation_entropy_kB"":-25.114527442815582,""peierls_exp_a"":0.2264547564554959,""peierls_exp_n"":1.9374389592558143,""peierls_nu0_s"":1000000000000.0,""rho_source0_m2"":11807251673202.166,""taylor_H0_eV"":6.397265535295895,""taylor_activation_entropy_kB"":38.135399021585535,""taylor_corr_rho_c_m2"":57989651710051.305,""taylor_corr_scale"":0.03842799657252147,""taylor_exp_a"":1.055419295541942,""taylor_exp_n"":1.0061173520516604,""taylor_nu0_s"":100000000000.0}",f5a976fc5c5f3525ee33d10c16fdf7dc218f3c1b258ea3dc7ca4d18f5ce3c2fc,5045feed8c87440676c580fe7f74989be4c4a995,04e21d940c5920f48d0f8dbc722900dfd4f6578b,04e21d940c5920f48d0f8dbc722900dfd4f6578b,119e8906d3c8166ad7b64e741d4cb09fc56f7bf46a98d6164fddc7d65e23270b,CURATED_OPTION|PARETO_NONDOMINATED,CURATED_OPTION|DIVERSE_PARETO|HIGH_BACKSTRESS|HIGH_ONSET|HIGH_PRECURSOR_COUNT|LOW_FINAL_AVALANCHE_FRACTION,NOT_RUN,[],False,NOT_EVALUATED,weak-T,NOT_ASSIGNED_BY_THIS_FRACTURE_SCREEN,TARGET_CLASS_CONDITIONAL_NOT_PROBABILISTIC,"{""avalanche_size_objective"":0.31739130434782603,""class_trend_objective"":6.350245635047027,""completion_objective"":0.0,""onset_scale_objective"":4.135339821083569,""physical_topology_objective"":9.245025547945168,""precursor_objective"":7.0,""provider_robustness_objective"":3.1011829503686883,""state_realism_objective"":0.0}",NONE_RECORDED,OBSERVED_AVALANCHES_3_TO_3;REINITIATIONS_2_TO_2,OBSERVED_AVALANCHES_6_TO_6;REINITIATIONS_5_TO_5,0.0654236147538875,PROVIDER_SENSITIVE_TOPOLOGY,QUALITATIVE_TREND_AGREEMENT,122.03009731625355,108.41779500226247,129.2483377838013,2.0730775522010556,3.5,0.782608695652174,148.38220545189847,31.048802835710383,SCREENED_TRADEOFF,481.33,3.2122945775409724,0.007209795954859458,8.636067848419977,-0.00024995872019402567,1.1115784141399132,1.0118995853964623,0.0019271603769193,1.7315233433569674,0.002736191608195341,0.3527960578660185,-0.00024782998319877313,0.43853376502638897,1.5554375732890968,0.001963405800003,3.885561184088855,-25.114527442815582,0.2264547564554959,1.9374389592558143,1000000000000.0,6.397265535295895,38.135399021585535,1.055419295541942,1.0061173520516604,100000000000.0,11807251673202.166,57989651710051.305,0.03842799657252147,4.300011692145429
v913_zeroD_sobol_0011131,oneD_v2_fracture_option_bank_v1,weak-T,oneD_v2_terminal_shared_four_class_search_v1,v913_zeroD_sobol_0011131,ARCHIVED_V913_POOL,V913_ACTIVE_CANDIDATE_29,29,"{""Tref_K"":481.33,""c_blunt"":0.7552927723154426,""cleave_G00_eV"":2.5066456659697,""cleave_exp_a"":0.0618397523649036,""cleave_exp_n"":2.63327748933807,""cleave_floor_frac"":0.1369726956345775,""cleave_gT_eV_per_K"":0.0094348298916593,""cleave_sT_GPa_per_K"":-0.0002897485913708,""cleave_sigc0_GPa"":3.0515114460140467,""emit_G00_eV"":2.6967001115903257,""emit_exp_a"":1.21516272906214,""emit_exp_n"":2.070919141639024,""emit_floor_frac"":0.0228487222885919,""emit_gT_eV_per_K"":-0.0008460587291046,""emit_sT_GPa_per_K"":-0.0011997642479836,""emit_sigc0_GPa"":6.049900136888027,""peierls_H0_eV"":2.78304195869714,""peierls_activation_entropy_kB"":5.944860931485891,""peierls_exp_a"":1.6306120993569493,""peierls_exp_n"":0.8138734463136643,""peierls_nu0_s"":1000000000000.0,""rho_source0_m2"":1531291168899573.0,""taylor_H0_eV"":0.8144159293174743,""taylor_activation_entropy_kB"":6.903689801692963,""taylor_corr_rho_c_m2"":2.0577450971125747e+17,""taylor_corr_scale"":3.5839102278377544,""taylor_exp_a"":0.4438989392016083,""taylor_exp_n"":1.8593184240162373,""taylor_nu0_s"":100000000000.0}",70909044034ad83e88b24b28f031958f9455ce4004975a3466c4b10167d65252,5045feed8c87440676c580fe7f74989be4c4a995,04e21d940c5920f48d0f8dbc722900dfd4f6578b,04e21d940c5920f48d0f8dbc722900dfd4f6578b,119e8906d3c8166ad7b64e741d4cb09fc56f7bf46a98d6164fddc7d65e23270b,CURATED_OPTION|PARETO_NEAR_FRONT,CURATED_OPTION|DIVERSE_PARETO,NOT_RUN,[],False,NOT_EVALUATED,weak-T,NOT_ASSIGNED_BY_THIS_FRACTURE_SCREEN,TARGET_CLASS_CONDITIONAL_NOT_PROBABILISTIC,"{""avalanche_size_objective"":0.21739130434782605,""class_trend_objective"":19.666870807116243,""completion_objective"":0.0,""onset_scale_objective"":0.15072005085036763,""physical_topology_objective"":7.592321063773378,""precursor_objective"":5.0,""provider_robustness_objective"":5.279120486207575,""state_realism_objective"":0.0}",NONE_RECORDED,OBSERVED_AVALANCHES_1_TO_1;REINITIATIONS_0_TO_0,OBSERVED_AVALANCHES_6_TO_6;REINITIATIONS_5_TO_5,0.1939116584145147,PROVIDER_SENSITIVE_TOPOLOGY,QUALITATIVE_TREND_AGREEMENT,48.37978054679883,18.77999862165336,68.84126343261835,4.52063693560255,2.5,0.782608695652174,38.3151829356396,37.27708500250177,SCREENED_TRADEOFF,481.33,2.5066456659697,0.0094348298916593,3.0515114460140467,-0.0002897485913708,0.0618397523649036,2.63327748933807,0.1369726956345775,2.6967001115903257,-0.0008460587291046,6.049900136888027,-0.0011997642479836,1.21516272906214,2.070919141639024,0.0228487222885919,2.78304195869714,5.944860931485891,1.6306120993569493,0.8138734463136643,1000000000000.0,0.8144159293174743,6.903689801692963,0.4438989392016083,1.8593184240162373,100000000000.0,1531291168899573.0,2.0577450971125747e+17,3.5839102278377544,0.7552927723154426
v913_zeroD_sobol_0027268,oneD_v2_fracture_option_bank_v1,weak-T,oneD_v2_terminal_shared_four_class_search_v1,v913_zeroD_sobol_0027268,ARCHIVED_V913_POOL,V913_ACTIVE_CANDIDATE_29,29,"{""Tref_K"":481.33,""c_blunt"":1.3645942294970157,""cleave_G00_eV"":3.4539050203748047,""cleave_exp_a"":0.9556720036547632,""cleave_exp_n"":1.4482388524338603,""cleave_floor_frac"":0.0080135848601919,""cleave_gT_eV_per_K"":0.0005332994232885,""cleave_sT_GPa_per_K"":0.0069966007368639,""cleave_sigc0_GPa"":5.875625330023468,""emit_G00_eV"":3.315353066660464,""emit_exp_a"":0.7155281139258295,""emit_exp_n"":1.1027543681673706,""emit_floor_frac"":0.0233953512715894,""emit_gT_eV_per_K"":-0.001404079593718,""emit_sT_GPa_per_K"":-0.0051309211142361,""emit_sigc0_GPa"":7.798269674181938,""peierls_H0_eV"":4.632277152035385,""peierls_activation_entropy_kB"":-1.6370408236980438,""peierls_exp_a"":1.126492390036583,""peierls_exp_n"":2.084962382679805,""peierls_nu0_s"":1000000000000.0,""rho_source0_m2"":1692795614855792.5,""taylor_H0_eV"":1.5707885271310806,""taylor_activation_entropy_kB"":23.11469655483961,""taylor_corr_rho_c_m2"":1.0847784350811712e+16,""taylor_corr_scale"":1.1627217271517138,""taylor_exp_a"":0.6876142159476877,""taylor_exp_n"":0.646309919655323,""taylor_nu0_s"":100000000000.0}",d3bfea8b58ca9376f13579e12ee26c7df96b65916bf778d8b6755b462bc3dd5e,5045feed8c87440676c580fe7f74989be4c4a995,04e21d940c5920f48d0f8dbc722900dfd4f6578b,04e21d940c5920f48d0f8dbc722900dfd4f6578b,119e8906d3c8166ad7b64e741d4cb09fc56f7bf46a98d6164fddc7d65e23270b,CURATED_OPTION|PARETO_NEAR_FRONT,CURATED_OPTION|DIVERSE_PARETO,NOT_RUN,[],False,NOT_EVALUATED,weak-T,NOT_ASSIGNED_BY_THIS_FRACTURE_SCREEN,TARGET_CLASS_CONDITIONAL_NOT_PROBABILISTIC,"{""avalanche_size_objective"":0.21739130434782605,""class_trend_objective"":11.98287872863093,""completion_objective"":0.0,""onset_scale_objective"":0.0,""physical_topology_objective"":7.890416863261663,""precursor_objective"":5.0,""provider_robustness_objective"":5.082309226576235,""state_realism_objective"":0.0}",NONE_RECORDED,OBSERVED_AVALANCHES_1_TO_1;REINITIATIONS_0_TO_0,OBSERVED_AVALANCHES_6_TO_6;REINITIATIONS_5_TO_5,0.3186057320284507,PROVIDER_SENSITIVE_TOPOLOGY,QUALITATIVE_TREND_AGREEMENT,37.971340135060096,19.365903438568363,57.56927862463861,4.650990210026344,2.5,0.782608695652174,42.0267333515615,29.079607004006288,SCREENED_TRADEOFF,481.33,3.4539050203748047,0.0005332994232885,5.875625330023468,0.0069966007368639,0.9556720036547632,1.4482388524338603,0.0080135848601919,3.315353066660464,-0.001404079593718,7.798269674181938,-0.0051309211142361,0.7155281139258295,1.1027543681673706,0.0233953512715894,4.632277152035385,-1.6370408236980438,1.126492390036583,2.084962382679805,1000000000000.0,1.5707885271310806,23.11469655483961,0.6876142159476877,0.646309919655323,100000000000.0,1692795614855792.5,1.0847784350811712e+16,1.1627217271517138,1.3645942294970157
v913_zeroD_sobol_0060219,oneD_v2_fracture_option_bank_v1,weak-T,oneD_v2_terminal_shared_four_class_search_v1,v913_zeroD_sobol_0060219,ARCHIVED_V913_POOL,V913_ACTIVE_CANDIDATE_29,29,"{""Tref_K"":481.33,""c_blunt"":2.47790246643126,""cleave_G00_eV"":4.388700178824365,""cleave_exp_a"":0.5163953727576882,""cleave_exp_n"":1.5005021863617003,""cleave_floor_frac"":0.065555313646972,""cleave_gT_eV_per_K"":0.0056093849847093,""cleave_sT_GPa_per_K"":-0.0018545337766408,""cleave_sigc0_GPa"":5.11267201974988,""emit_G00_eV"":3.8714989850297568,""emit_exp_a"":0.1755501898750662,""emit_exp_n"":0.775419834908098,""emit_floor_frac"":0.0113425899289356,""emit_gT_eV_per_K"":-0.0014363304665312,""emit_sT_GPa_per_K"":-0.0069189315550029,""emit_sigc0_GPa"":4.633709907531738,""peierls_H0_eV"":0.959687392693013,""peierls_activation_entropy_kB"":14.77918503805995,""peierls_exp_a"":1.7894757851958274,""peierls_exp_n"":0.9159671810921282,""peierls_nu0_s"":1000000000000.0,""rho_source0_m2"":1.6621303923333022e+16,""taylor_H0_eV"":0.1275879848003387,""taylor_activation_entropy_kB"":19.32783756405115,""taylor_corr_rho_c_m2"":5.451008813541711e+16,""taylor_corr_scale"":5.963884351453593,""taylor_exp_a"":0.0402470866590738,""taylor_exp_n"":0.6374284494668245,""taylor_nu0_s"":100000000000.0}",a2c2a292e7371f2e1b7e76fe686390827b0a24d69fcebb98ffbcdc849dd8459d,5045feed8c87440676c580fe7f74989be4c4a995,04e21d940c5920f48d0f8dbc722900dfd4f6578b,04e21d940c5920f48d0f8dbc722900dfd4f6578b,119e8906d3c8166ad7b64e741d4cb09fc56f7bf46a98d6164fddc7d65e23270b,CURATED_OPTION|PARETO_NEAR_FRONT,CURATED_OPTION|DIVERSE_PARETO,NOT_RUN,[],False,NOT_EVALUATED,weak-T,NOT_ASSIGNED_BY_THIS_FRACTURE_SCREEN,TARGET_CLASS_CONDITIONAL_NOT_PROBABILISTIC,"{""avalanche_size_objective"":0.18641304347826088,""class_trend_objective"":15.033444687990144,""completion_objective"":0.0,""onset_scale_objective"":0.06962401740431148,""physical_topology_objective"":4.923552898935332,""precursor_objective"":4.25,""provider_robustness_objective"":4.177325953932843,""state_realism_objective"":0.0}",NONE_RECORDED,OBSERVED_AVALANCHES_1_TO_2;REINITIATIONS_0_TO_1,OBSERVED_AVALANCHES_5_TO_5;REINITIATIONS_4_TO_4,0.1802789616451546,PROVIDER_SENSITIVE_TOPOLOGY,QUALITATIVE_TREND_AGREEMENT,49.8321754301311,30.554738275232346,67.44318246021837,1.351162593150711,2.125,0.8260869565217391,30.544265392966924,18.214004131553224,SCREENED_TRADEOFF,481.33,4.388700178824365,0.0056093849847093,5.11267201974988,-0.0018545337766408,0.5163953727576882,1.5005021863617003,0.065555313646972,3.8714989850297568,-0.0014363304665312,4.633709907531738,-0.0069189315550029,0.1755501898750662,0.775419834908098,0.0113425899289356,0.959687392693013,14.77918503805995,1.7894757851958274,0.9159671810921282,1000000000000.0,0.1275879848003387,19.32783756405115,0.0402470866590738,0.6374284494668245,100000000000.0,1.6621303923333022e+16,5.451008813541711e+16,5.963884351453593,2.47790246643126
v913_zeroD_sobol_0077080,oneD_v2_fracture_option_bank_v1,weak-T,oneD_v2_terminal_shared_four_class_search_v1,v913_zeroD_sobol_0077080,ARCHIVED_V913_POOL,V913_ACTIVE_CANDIDATE_29,29,"{""Tref_K"":481.33,""c_blunt"":0.3964464701712131,""cleave_G00_eV"":3.673669350333512,""cleave_exp_a"":1.4499619576428089,""cleave_exp_n"":1.0335969480220228,""cleave_floor_frac"":0.0436070518879531,""cleave_gT_eV_per_K"":0.00892692707479,""cleave_sT_GPa_per_K"":-0.0022528592869639,""cleave_sigc0_GPa"":4.497151743154973,""emit_G00_eV"":2.798553348518908,""emit_exp_a"":0.4376551472768187,""emit_exp_n"":0.791314263548702,""emit_floor_frac"":0.0228240380649044,""emit_gT_eV_per_K"":-0.002825030600652,""emit_sT_GPa_per_K"":0.0099400414247065,""emit_sigc0_GPa"":9.278617694508284,""peierls_H0_eV"":6.716475480981171,""peierls_activation_entropy_kB"":-43.48882682621479,""peierls_exp_a"":1.178178071556613,""peierls_exp_n"":1.0056940987706184,""peierls_nu0_s"":1000000000000.0,""rho_source0_m2"":1174563748149.2874,""taylor_H0_eV"":0.7904905830975623,""taylor_activation_entropy_kB"":-25.948952957987785,""taylor_corr_rho_c_m2"":4.043330255464039e+16,""taylor_corr_scale"":1.8013635924189044,""taylor_exp_a"":1.0212089663371444,""taylor_exp_n"":0.599093577126041,""taylor_nu0_s"":100000000000.0}",387704db03a9eb174543f717e6c29f12f68cde11a51da8200e80d8269ca0c5e4,5045feed8c87440676c580fe7f74989be4c4a995,04e21d940c5920f48d0f8dbc722900dfd4f6578b,04e21d940c5920f48d0f8dbc722900dfd4f6578b,119e8906d3c8166ad7b64e741d4cb09fc56f7bf46a98d6164fddc7d65e23270b,CURATED_OPTION|PARETO_NEAR_FRONT,CURATED_OPTION|DIVERSE_PARETO|HIGH_BACKSTRESS|LOW_BLUNTING,NOT_RUN,[],False,NOT_EVALUATED,weak-T,NOT_ASSIGNED_BY_THIS_FRACTURE_SCREEN,TARGET_CLASS_CONDITIONAL_NOT_PROBABILISTIC,"{""avalanche_size_objective"":0.21739130434782605,""class_trend_objective"":1.952648789729719,""completion_objective"":0.0,""onset_scale_objective"":0.0,""physical_topology_objective"":12.706149381558774,""precursor_objective"":5.0,""provider_robustness_objective"":5.044611813055607,""state_realism_objective"":0.0}",NONE_RECORDED,OBSERVED_AVALANCHES_1_TO_1;REINITIATIONS_0_TO_0,OBSERVED_AVALANCHES_6_TO_6;REINITIATIONS_5_TO_5,1.0113922938284188,PROVIDER_SENSITIVE_TOPOLOGY,QUALITATIVE_TREND_AGREEMENT,18.30942332165988,10.033378449586793,26.963469240338483,9.267157388856557,2.5,0.782608695652174,28.293753005137322,44.004404626102065,SCREENED_TRADEOFF,481.33,3.673669350333512,0.00892692707479,4.497151743154973,-0.0022528592869639,1.4499619576428089,1.0335969480220228,0.0436070518879531,2.798553348518908,-0.002825030600652,9.278617694508284,0.0099400414247065,0.4376551472768187,0.791314263548702,0.0228240380649044,6.716475480981171,-43.48882682621479,1.178178071556613,1.0056940987706184,1000000000000.0,0.7904905830975623,-25.948952957987785,1.0212089663371444,0.599093577126041,100000000000.0,1174563748149.2874,4.043330255464039e+16,1.8013635924189044,0.3964464701712131
v913_zeroD_sobol_0086420,oneD_v2_fracture_option_bank_v1,weak-T,oneD_v2_terminal_shared_four_class_search_v1,v913_zeroD_sobol_0086420,ARCHIVED_V913_POOL,V913_ACTIVE_CANDIDATE_29,29,"{""Tref_K"":481.33,""c_blunt"":2.62239751406014,""cleave_G00_eV"":5.476424816064537,""cleave_exp_a"":1.3619866351597012,""cleave_exp_n"":2.2078243289142847,""cleave_floor_frac"":0.0683158241878416,""cleave_gT_eV_per_K"":0.001903424761258,""cleave_sT_GPa_per_K"":0.0014549547526985,""cleave_sigc0_GPa"":7.28394316136837,""emit_G00_eV"":4.11960387378931,""emit_exp_a"":0.569111802354455,""emit_exp_n"":1.990936215640977,""emit_floor_frac"":0.0117877736484193,""emit_gT_eV_per_K"":-0.002587902133353,""emit_sT_GPa_per_K"":0.0011016524918377,""emit_sigc0_GPa"":7.423798888921738,""peierls_H0_eV"":5.399045049678534,""peierls_activation_entropy_kB"":4.40110944211483,""peierls_exp_a"":0.5597617194056511,""peierls_exp_n"":1.1102288491092622,""peierls_nu0_s"":1000000000000.0,""rho_source0_m2"":4.478007110324783e+16,""taylor_H0_eV"":0.9696294176578522,""taylor_activation_entropy_kB"":11.39026451855898,""taylor_corr_rho_c_m2"":14962480792103.414,""taylor_corr_scale"":0.6161519710747999,""taylor_exp_a"":0.6939666834287346,""taylor_exp_n"":1.4467088915407658,""taylor_nu0_s"":100000000000.0}",53992ed84e3d9b624f65c57fbefaf853e3ef0910eff9857ed681b153ecb46012,5045feed8c87440676c580fe7f74989be4c4a995,04e21d940c5920f48d0f8dbc722900dfd4f6578b,04e21d940c5920f48d0f8dbc722900dfd4f6578b,119e8906d3c8166ad7b64e741d4cb09fc56f7bf46a98d6164fddc7d65e23270b,CURATED_OPTION|PARETO_NONDOMINATED,CURATED_OPTION|DIVERSE_PARETO,NOT_RUN,[],False,NOT_EVALUATED,weak-T,NOT_ASSIGNED_BY_THIS_FRACTURE_SCREEN,TARGET_CLASS_CONDITIONAL_NOT_PROBABILISTIC,"{""avalanche_size_objective"":0.09782608695652173,""class_trend_objective"":35.00031087263343,""completion_objective"":0.0,""onset_scale_objective"":0.020155424573681618,""physical_topology_objective"":3.603996286813744,""precursor_objective"":2.25,""provider_robustness_objective"":3.2445779634365945,""state_realism_objective"":0.0}",NONE_RECORDED,OBSERVED_AVALANCHES_1_TO_1;REINITIATIONS_0_TO_0,OBSERVED_AVALANCHES_2_TO_6;REINITIATIONS_1_TO_5,0.3299084363009041,PROVIDER_SENSITIVE_TOPOLOGY,QUALITATIVE_TREND_AGREEMENT,44.26559620658624,23.555039237451233,61.997928251030274,5.7674487874557805,1.125,0.782608695652174,96.69423943124707,32.03680396493043,SCREENED_TRADEOFF,481.33,5.476424816064537,0.001903424761258,7.28394316136837,0.0014549547526985,1.3619866351597012,2.2078243289142847,0.0683158241878416,4.11960387378931,-0.002587902133353,7.423798888921738,0.0011016524918377,0.569111802354455,1.990936215640977,0.0117877736484193,5.399045049678534,4.40110944211483,0.5597617194056511,1.1102288491092622,1000000000000.0,0.9696294176578522,11.39026451855898,0.6939666834287346,1.4467088915407658,100000000000.0,4.478007110324783e+16,14962480792103.414,0.6161519710747999,2.62239751406014
v913_zeroD_sobol_0103251,oneD_v2_fracture_option_bank_v1,weak-T,oneD_v2_terminal_shared_four_class_search_v1,v913_zeroD_sobol_0103251,ARCHIVED_V913_POOL,V913_ACTIVE_CANDIDATE_29,29,"{""Tref_K"":481.33,""c_blunt"":2.373462835326791,""cleave_G00_eV"":3.858983729965985,""cleave_exp_a"":0.6865754192695022,""cleave_exp_n"":1.2599241705611348,""cleave_floor_frac"":0.0060338789299509,""cleave_gT_eV_per_K"":0.0053661396629177,""cleave_sT_GPa_per_K"":-0.0026073887292295,""cleave_sigc0_GPa"":6.426139679737389,""emit_G00_eV"":3.699940881133079,""emit_exp_a"":0.178433520141989,""emit_exp_n"":1.333366803266108,""emit_floor_frac"":0.0186362179179887,""emit_gT_eV_per_K"":0.0079019972188398,""emit_sT_GPa_per_K"":-0.0057029963098466,""emit_sigc0_GPa"":3.475247330963612,""peierls_H0_eV"":5.65535672660917,""peierls_activation_entropy_kB"":-26.924134884029627,""peierls_exp_a"":1.8863388748839496,""peierls_exp_n"":1.2991912495344875,""peierls_nu0_s"":1000000000000.0,""rho_source0_m2"":135396858145766.9,""taylor_H0_eV"":0.737521898150444,""taylor_activation_entropy_kB"":27.29128111153841,""taylor_corr_rho_c_m2"":112705259472.60164,""taylor_corr_scale"":0.2696879707850609,""taylor_exp_a"":0.9219415864069016,""taylor_exp_n"":2.441455863416195,""taylor_nu0_s"":100000000000.0}",66fcd8c18d4243d63620f0d2e880a00f48f61d0d72110bb5353496c59d69e87d,5045feed8c87440676c580fe7f74989be4c4a995,04e21d940c5920f48d0f8dbc722900dfd4f6578b,04e21d940c5920f48d0f8dbc722900dfd4f6578b,119e8906d3c8166ad7b64e741d4cb09fc56f7bf46a98d6164fddc7d65e23270b,CURATED_OPTION|PARETO_NEAR_FRONT,CURATED_OPTION|DIVERSE_PARETO,NOT_RUN,[],False,NOT_EVALUATED,weak-T,NOT_ASSIGNED_BY_THIS_FRACTURE_SCREEN,TARGET_CLASS_CONDITIONAL_NOT_PROBABILISTIC,"{""avalanche_size_objective"":0.22989130434782606,""class_trend_objective"":9.392619258313724,""completion_objective"":0.0,""onset_scale_objective"":0.0,""physical_topology_objective"":8.781218645760704,""precursor_objective"":5.25,""provider_robustness_objective"":5.116439142590549,""state_realism_objective"":0.0}",NONE_RECORDED,OBSERVED_AVALANCHES_1_TO_2;REINITIATIONS_0_TO_1,OBSERVED_AVALANCHES_6_TO_6;REINITIATIONS_5_TO_5,0.25745986920320846,PROVIDER_SENSITIVE_TOPOLOGY,QUALITATIVE_TREND_AGREEMENT,46.27264819744936,29.663872537080564,54.707010265186945,4.4785935239904475,2.625,0.782608695652174,82.55994066919651,31.08881844442737,SCREENED_TRADEOFF,481.33,3.858983729965985,0.0053661396629177,6.426139679737389,-0.0026073887292295,0.6865754192695022,1.2599241705611348,0.0060338789299509,3.699940881133079,0.0079019972188398,3.475247330963612,-0.0057029963098466,0.178433520141989,1.333366803266108,0.0186362179179887,5.65535672660917,-26.924134884029627,1.8863388748839496,1.2991912495344875,1000000000000.0,0.737521898150444,27.29128111153841,0.9219415864069016,2.441455863416195,100000000000.0,135396858145766.9,112705259472.60164,0.2696879707850609,2.373462835326791
v913_zeroD_sobol_0116955,oneD_v2_fracture_option_bank_v1,weak-T,oneD_v2_terminal_shared_four_class_search_v1,v913_zeroD_sobol_0116955,ARCHIVED_V913_POOL,V913_ACTIVE_CANDIDATE_29,29,"{""Tref_K"":481.33,""c_blunt"":0.5934622306376696,""cleave_G00_eV"":3.497796688694507,""cleave_exp_a"":0.4365619524847716,""cleave_exp_n"":1.040377038996667,""cleave_floor_frac"":0.0254752893929062,""cleave_gT_eV_per_K"":0.0080361246806569,""cleave_sT_GPa_per_K"":-0.0016002543857321,""cleave_sigc0_GPa"":5.115476604551077,""emit_G00_eV"":3.9774327300488954,""emit_exp_a"":0.1364233205281197,""emit_exp_n"":1.639806836657226,""emit_floor_frac"":0.0645240567354888,""emit_gT_eV_per_K"":-0.0024142604712396,""emit_sT_GPa_per_K"":0.0021373024657368,""emit_sigc0_GPa"":8.767316944897175,""peierls_H0_eV"":3.6282808207906783,""peierls_activation_entropy_kB"":-4.032082986086607,""peierls_exp_a"":1.010412615071982,""peierls_exp_n"":2.38337339903228,""peierls_nu0_s"":1000000000000.0,""rho_source0_m2"":7.411536373796822e+16,""taylor_H0_eV"":1.8844304084777832,""taylor_activation_entropy_kB"":11.56215574592352,""taylor_corr_rho_c_m2"":8.319121413916371e+17,""taylor_corr_scale"":0.4964460622427377,""taylor_exp_a"":0.526846093358472,""taylor_exp_n"":1.4233212359249592,""taylor_nu0_s"":100000000000.0}",c961e107e355811d5526cf66955326d4da017d83a4bdc2ea5ebd184ff91f0022,5045feed8c87440676c580fe7f74989be4c4a995,04e21d940c5920f48d0f8dbc722900dfd4f6578b,04e21d940c5920f48d0f8dbc722900dfd4f6578b,119e8906d3c8166ad7b64e741d4cb09fc56f7bf46a98d6164fddc7d65e23270b,CURATED_OPTION|PARETO_NONDOMINATED,CURATED_OPTION|DIVERSE_PARETO|LOW_BACKSTRESS|LOW_PRECURSOR_COUNT,NOT_RUN,[],False,NOT_EVALUATED,weak-T,NOT_ASSIGNED_BY_THIS_FRACTURE_SCREEN,TARGET_CLASS_CONDITIONAL_NOT_PROBABILISTIC,"{""avalanche_size_objective"":0.05434782608695651,""class_trend_objective"":17.81496250692486,""completion_objective"":0.0,""onset_scale_objective"":0.8694505326733731,""physical_topology_objective"":1.25,""precursor_objective"":1.25,""provider_robustness_objective"":1.6874142569516468,""state_realism_objective"":0.0}",NONE_RECORDED,OBSERVED_AVALANCHES_1_TO_1;REINITIATIONS_0_TO_0,OBSERVED_AVALANCHES_1_TO_3;REINITIATIONS_0_TO_2,0.14246909761924334,PROVIDER_SENSITIVE_TOPOLOGY,QUALITATIVE_TREND_AGREEMENT,68.0711319539388,43.85015502056016,93.40476789986285,0.3851236631362543,0.4318181818181818,0.8947368421052632,12.193256404826224,23.03236184427089,SCREENED_TRADEOFF,481.33,3.497796688694507,0.0080361246806569,5.115476604551077,-0.0016002543857321,0.4365619524847716,1.040377038996667,0.0254752893929062,3.9774327300488954,-0.0024142604712396,8.767316944897175,0.0021373024657368,0.1364233205281197,1.639806836657226,0.0645240567354888,3.6282808207906783,-4.032082986086607,1.010412615071982,2.38337339903228,1000000000000.0,1.8844304084777832,11.56215574592352,0.526846093358472,1.4233212359249592,100000000000.0,7.411536373796822e+16,8.319121413916371e+17,0.4964460622427377,0.5934622306376696
v913_zeroD_sobol_0127508,oneD_v2_fracture_option_bank_v1,weak-T,oneD_v2_terminal_shared_four_class_search_v1,v913_zeroD_sobol_0127508,ARCHIVED_V913_POOL,V913_ACTIVE_CANDIDATE_29,29,"{""Tref_K"":481.33,""c_blunt"":1.7163635361939669,""cleave_G00_eV"":2.3740459862165157,""cleave_exp_a"":0.2095967781729996,""cleave_exp_n"":2.1608003759756684,""cleave_floor_frac"":0.0050646847977669,""cleave_gT_eV_per_K"":0.0015134139778092,""cleave_sT_GPa_per_K"":-0.0011172577394172,""cleave_sigc0_GPa"":7.010096753947437,""emit_G00_eV"":3.574336855113506,""emit_exp_a"":0.1372442117426544,""emit_exp_n"":2.060861888201907,""emit_floor_frac"":0.1925852665942847,""emit_gT_eV_per_K"":-0.0016428749952465,""emit_sT_GPa_per_K"":0.0008358946740627,""emit_sigc0_GPa"":6.148618519306183,""peierls_H0_eV"":1.6530268932692709,""peierls_activation_entropy_kB"":-25.901026763021942,""peierls_exp_a"":0.7985359244048595,""peierls_exp_n"":2.5466286113951355,""peierls_nu0_s"":1000000000000.0,""rho_source0_m2"":1.121640055491243e+16,""taylor_H0_eV"":1.0286340892314911,""taylor_activation_entropy_kB"":18.19020554423332,""taylor_corr_rho_c_m2"":1584700116629.7751,""taylor_corr_scale"":0.4160710325159645,""taylor_exp_a"":0.8843029700033367,""taylor_exp_n"":2.3768100421875715,""taylor_nu0_s"":100000000000.0}",bd8f34ec4f94a212534a186ba216b5e37cc926455a287727b3381cb1c695788d,5045feed8c87440676c580fe7f74989be4c4a995,04e21d940c5920f48d0f8dbc722900dfd4f6578b,04e21d940c5920f48d0f8dbc722900dfd4f6578b,119e8906d3c8166ad7b64e741d4cb09fc56f7bf46a98d6164fddc7d65e23270b,CURATED_OPTION|PARETO_NEAR_FRONT,CURATED_OPTION|DIVERSE_PARETO,NOT_RUN,[],False,NOT_EVALUATED,weak-T,NOT_ASSIGNED_BY_THIS_FRACTURE_SCREEN,TARGET_CLASS_CONDITIONAL_NOT_PROBABILISTIC,"{""avalanche_size_objective"":0.17391304347826086,""class_trend_objective"":15.90657869567277,""completion_objective"":0.0,""onset_scale_objective"":0.3919883489734299,""physical_topology_objective"":4.608144231871254,""precursor_objective"":4.0,""provider_robustness_objective"":4.207326399620411,""state_realism_objective"":0.0}",NONE_RECORDED,OBSERVED_AVALANCHES_1_TO_1;REINITIATIONS_0_TO_0,OBSERVED_AVALANCHES_5_TO_5;REINITIATIONS_4_TO_4,0.11951702544680431,PROVIDER_SENSITIVE_TOPOLOGY,QUALITATIVE_TREND_AGREEMENT,58.08697948937159,35.44683083525764,78.56991911897656,1.384071389391016,2.0,0.8260869565217391,29.06954359477904,21.44716219629155,SCREENED_TRADEOFF,481.33,2.3740459862165157,0.0015134139778092,7.010096753947437,-0.0011172577394172,0.2095967781729996,2.1608003759756684,0.0050646847977669,3.574336855113506,-0.0016428749952465,6.148618519306183,0.0008358946740627,0.1372442117426544,2.060861888201907,0.1925852665942847,1.6530268932692709,-25.901026763021942,0.7985359244048595,2.5466286113951355,1000000000000.0,1.0286340892314911,18.19020554423332,0.8843029700033367,2.3768100421875715,100000000000.0,1.121640055491243e+16,1584700116629.7751,0.4160710325159645,1.7163635361939669
v913_zeroD_sobol_0196804,oneD_v2_fracture_option_bank_v1,weak-T,oneD_v2_terminal_shared_four_class_search_v1,v913_zeroD_sobol_0196804,ARCHIVED_V913_POOL,V913_ACTIVE_CANDIDATE_29,29,"{""Tref_K"":481.33,""c_blunt"":1.5917330235242844,""cleave_G00_eV"":1.7714824001304803,""cleave_exp_a"":0.6148919253144414,""cleave_exp_n"":1.5603243741206825,""cleave_floor_frac"":0.1153070659612199,""cleave_gT_eV_per_K"":0.0103562680487521,""cleave_sT_GPa_per_K"":-0.0009702393226325,""cleave_sigc0_GPa"":4.632103982381523,""emit_G00_eV"":3.817191637679934,""emit_exp_a"":0.5269161547534168,""emit_exp_n"":1.6655265090987086,""emit_floor_frac"":0.0066673592450076,""emit_gT_eV_per_K"":-0.0028015050739049,""emit_sT_GPa_per_K"":0.0009291039071977,""emit_sigc0_GPa"":4.64529250562191,""peierls_H0_eV"":6.8752316241152585,""peierls_activation_entropy_kB"":-29.64632283896208,""peierls_exp_a"":0.9433633933775126,""peierls_exp_n"":2.2286851475946605,""peierls_nu0_s"":1000000000000.0,""rho_source0_m2"":5.317876222320463e+16,""taylor_H0_eV"":0.5239948415756225,""taylor_activation_entropy_kB"":25.16071606427431,""taylor_corr_rho_c_m2"":7.753439315183398e+16,""taylor_corr_scale"":0.3071057276154363,""taylor_exp_a"":0.843806842379272,""taylor_exp_n"":0.7322783842682838,""taylor_nu0_s"":100000000000.0}",0a6470f7ee04605deb43bc1b7eff547e331fb5bba8ce46bb9fa1f9b765b49d45,5045feed8c87440676c580fe7f74989be4c4a995,04e21d940c5920f48d0f8dbc722900dfd4f6578b,04e21d940c5920f48d0f8dbc722900dfd4f6578b,119e8906d3c8166ad7b64e741d4cb09fc56f7bf46a98d6164fddc7d65e23270b,CURATED_OPTION|PARETO_NONDOMINATED,CURATED_OPTION|DIVERSE_PARETO,NOT_RUN,[],False,NOT_EVALUATED,weak-T,NOT_ASSIGNED_BY_THIS_FRACTURE_SCREEN,TARGET_CLASS_CONDITIONAL_NOT_PROBABILISTIC,"{""avalanche_size_objective"":0.06521739130434784,""class_trend_objective"":23.558316269951597,""completion_objective"":0.0,""onset_scale_objective"":0.4455788531096072,""physical_topology_objective"":3.466203342451285,""precursor_objective"":1.5,""provider_robustness_objective"":1.572464385666353,""state_realism_objective"":0.0}",NONE_RECORDED,OBSERVED_AVALANCHES_1_TO_1;REINITIATIONS_0_TO_0,OBSERVED_AVALANCHES_2_TO_3;REINITIATIONS_1_TO_2,9198093.04037587,PROVIDER_SENSITIVE_TOPOLOGY,QUALITATIVE_TREND_AGREEMENT,33.02425162507693,4.733254533197337e-08,55.053795755169524,8.259330307991494,0.75,0.9130434782608695,17.170921835890077,16.90398303186883,SCREENED_TRADEOFF,481.33,1.7714824001304803,0.0103562680487521,4.632103982381523,-0.0009702393226325,0.6148919253144414,1.5603243741206825,0.1153070659612199,3.817191637679934,-0.0028015050739049,4.64529250562191,0.0009291039071977,0.5269161547534168,1.6655265090987086,0.0066673592450076,6.8752316241152585,-29.64632283896208,0.9433633933775126,2.2286851475946605,1000000000000.0,0.5239948415756225,25.16071606427431,0.843806842379272,0.7322783842682838,100000000000.0,5.317876222320463e+16,7.753439315183398e+16,0.3071057276154363,1.5917330235242844
